"V1" "V2" "V3" "V4" "V5" "V6" "V7" "V8" "V9" "V10" "V11" "V12" "V13" "V14" "V15" "V16" "V17" "V18" "V19" "V20"
"1" 0 0 0 0 0 0 0 0 0 0 1 0 1 1 0 1 0 1 0 0
"2" 0 NA 1 0 0 0 0 0 0 0 1 1 0 0 1 0 0 1 0 0
"3" 1 1 1 1 0 1 0 1 0 0 0 0 0 0 0 0 0 0 0 0
"4" 0 0 1 0 0 0 0 0 1 0 1 0 1 0 0 0 0 0 0 0
"5" 0 0 0 1 0 0 0 0 0 0 0 0 0 0 0 0 0 0 0 0
"6" 0 0 0 0 0 0 0 0 0 0 0 1 0 1 1 1 1 0 0 1
"7" 1 1 0 1 0 0 1 0 1 0 0 0 0 0 0 0 0 0 0 0
"8" 1 1 1 1 0 1 0 0 1 1 1 1 1 0 0 1 1 1 0 1
"9" 0 1 0 0 0 0 0 0 0 0 0 1 1 0 0 0 0 0 0 0
"10" 1 1 1 1 0 1 1 0 1 1 0 0 0 0 0 0 0 0 0 0
"11" 1 0 1 1 0 1 1 0 0 1 1 1 1 0 0 1 0 0 0 0
"12" 0 0 0 0 0 0 0 0 0 0 0 0 0 0 0 0 0 0 0 0
"13" 0 0 0 0 0 0 1 0 0 0 1 1 1 1 1 1 1 1 1 1
"14" 0 1 1 1 0 0 0 0 0 0 0 1 1 1 1 1 1 1 1 1
"15" 0 0 0 0 0 1 0 0 0 0 0 0 0 0 0 0 0 0 0 0
"16" 1 0 0 0 1 1 1 0 0 0 0 0 0 0 0 0 0 0 0 0
"17" 1 0 1 1 0 0 0 0 0 0 0 1 0 1 0 0 0 0 0 0
"18" 0 0 0 0 0 0 0 0 0 0 0 0 0 0 0 0 0 0 0 0
"19" 1 0 0 1 0 0 0 0 0 0 0 0 0 0 0 0 0 1 1 1
"20" 0 1 0 0 0 0 0 0 0 0 1 0 0 0 0 0 0 0 0 0
"21" 0 0 0 0 0 1 0 0 0 0 0 NA 1 1 0 0 0 0 0 0
"22" 0 0 0 1 0 0 0 0 0 0 1 0 0 0 0 0 1 0 0 0
"23" 0 1 0 0 0 0 0 0 0 0 1 0 0 1 0 0 1 1 1 0
"24" 1 1 0 1 1 1 0 0 0 0 0 0 0 1 1 0 0 0 0 0
"25" 1 1 1 1 1 1 1 1 1 1 1 1 0 1 1 0 0 1 0 1
"26" 1 0 1 1 1 1 0 1 0 0 0 0 0 0 0 0 0 0 0 0
"27" 1 0 1 1 0 1 1 1 1 1 1 1 1 0 0 0 0 0 0 0
"28" 1 0 0 1 0 1 1 0 0 0 1 1 1 0 1 0 1 0 0 0
"29" 0 0 0 0 0 0 0 0 0 0 0 0 1 0 1 0 0 0 0 0
"30" 0 1 0 0 0 0 NA 0 0 0 1 1 1 0 1 1 0 0 0 0
"31" 0 1 0 0 0 0 0 0 0 0 1 0 1 1 0 0 0 0 0 0
"32" 0 0 0 0 1 0 1 0 0 0 1 0 1 1 0 0 0 0 1 0
"33" 0 1 0 1 0 0 1 1 0 0 1 1 1 1 0 1 1 1 1 1
"34" 1 1 1 1 0 0 0 0 0 0 1 0 0 1 0 0 0 0 0 0
"35" 1 0 1 1 0 1 0 0 0 0 1 1 0 1 0 0 1 1 0 0
"36" 0 1 1 1 1 0 0 1 0 0 1 1 1 1 1 1 1 1 1 1
"37" 1 1 1 0 0 0 0 0 0 0 0 0 1 0 0 0 0 0 0 0
"38" 0 0 0 0 1 1 0 0 0 0 0 1 0 0 1 0 0 0 0 0
"39" 1 0 1 0 1 1 1 1 1 0 0 1 1 0 1 0 0 0 0 0
"40" 0 0 0 0 1 0 0 0 0 0 0 0 1 1 1 1 1 1 0 1
"41" 1 0 1 1 0 1 1 1 0 1 1 0 0 0 0 0 0 0 0 0
"42" 1 1 1 1 0 1 1 1 1 1 0 0 0 1 0 0 0 0 0 0
"43" 0 0 0 0 0 0 0 0 0 0 0 0 1 1 1 0 0 1 0 0
"44" 0 0 0 0 0 0 1 0 0 0 0 0 0 0 0 1 0 0 0 0
"45" 1 0 0 0 0 0 0 0 0 0 0 1 0 1 0 0 0 0 0 0
"46" 1 1 0 0 0 0 0 1 0 0 0 0 0 0 0 0 0 0 0 0
"47" 0 0 0 0 0 0 0 0 0 0 0 0 0 0 0 0 0 0 0 0
"48" 1 1 1 1 1 1 0 0 1 1 0 1 1 0 0 1 1 0 0 1
"49" 0 0 0 0 0 0 0 0 0 0 0 1 0 0 0 1 0 0 0 0
"50" 1 0 0 1 1 0 0 0 1 1 0 0 0 1 0 0 0 0 0 0
"51" 1 0 1 1 1 1 1 1 0 0 0 1 1 1 1 0 0 0 0 0
"52" 1 1 0 0 0 0 0 0 0 0 0 1 1 1 1 0 1 0 1 0
"53" 1 0 1 0 1 0 1 1 1 0 0 0 0 0 0 0 0 0 0 0
"54" 1 0 0 0 1 1 0 1 0 0 1 0 0 0 0 0 0 0 0 0
"55" 0 0 0 0 0 0 0 0 0 0 0 0 0 0 0 0 0 0 0 0
"56" 0 0 0 0 0 0 0 0 0 0 0 0 0 0 0 0 0 0 0 0
"57" 1 1 1 0 1 1 1 1 1 1 0 0 1 0 0 0 0 0 0 0
"58" 0 0 1 0 1 1 0 1 0 0 1 1 0 0 1 0 0 1 1 0
"59" 1 0 0 1 1 1 0 1 1 1 0 1 0 1 0 0 0 0 1 0
"60" 1 1 0 1 0 0 0 0 0 1 0 1 1 1 1 1 1 1 1 1
"61" 1 0 1 1 1 0 0 0 0 1 1 0 0 0 0 0 0 0 0 0
"62" 1 0 1 1 0 1 1 0 0 0 0 1 1 0 1 1 0 1 0 1
"63" 1 0 0 0 0 0 1 0 0 0 0 0 0 0 0 0 0 0 0 0
"64" 1 1 1 0 1 0 0 0 1 0 1 1 1 1 1 1 1 1 0 0
"65" 0 0 1 0 0 0 1 0 0 0 0 0 1 0 0 1 0 0 0 0
"66" 0 1 0 0 0 0 0 0 0 0 0 0 0 0 0 0 0 1 0 0
"67" 0 1 1 1 0 1 0 1 0 1 0 0 0 0 0 0 0 0 0 0
"68" 1 0 1 1 0 1 1 1 0 0 1 0 1 0 0 1 0 1 0 0
"69" 1 1 0 0 0 1 0 0 0 0 1 0 0 1 0 0 0 0 0 0
"70" 1 0 0 0 1 0 1 0 0 0 0 1 0 1 1 1 0 0 0 0
"71" 1 1 1 0 1 0 0 0 0 1 1 1 1 1 0 0 1 0 0 0
"72" 1 1 1 1 1 0 1 1 0 1 1 1 1 0 0 1 0 1 0 0
"73" 0 1 0 0 1 1 1 1 0 0 1 1 1 1 0 1 0 1 1 1
"74" 1 0 1 1 1 1 0 1 1 0 0 1 1 1 1 1 1 0 0 1
"75" 1 1 0 1 0 0 0 0 0 1 0 0 0 0 0 0 0 0 0 0
"76" 1 1 0 0 0 0 1 1 0 0 0 0 0 0 0 0 0 0 0 0
"77" 1 0 1 0 0 0 1 0 0 0 0 0 1 0 0 0 0 0 0 0
"78" 0 0 0 0 0 0 0 0 0 0 1 0 0 0 0 0 0 0 0 0
"79" 0 0 0 0 0 0 0 0 0 0 1 1 0 1 1 0 0 0 0 0
"80" 1 1 1 0 0 1 0 0 0 1 0 0 0 0 0 0 1 0 0 0
"81" 0 1 1 1 1 0 0 0 0 0 1 1 0 1 1 0 0 0 0 1
"82" 0 0 1 0 0 0 0 0 0 0 1 0 1 0 1 1 0 0 0 0
"83" 1 1 0 0 0 0 0 0 0 0 0 1 0 0 0 1 0 1 1 0
"84" 1 0 0 0 1 1 1 0 1 1 0 0 0 0 0 0 0 0 0 0
"85" 1 1 1 1 0 0 0 0 1 1 1 0 0 1 1 1 1 0 0 0
"86" 0 0 0 0 0 0 0 0 0 0 0 1 1 1 1 1 1 1 0 0
"87" 1 1 1 1 1 1 0 1 1 0 1 1 1 0 1 0 1 0 0 0
"88" 0 0 0 0 0 0 0 0 0 0 0 0 0 0 0 0 0 0 0 0
"89" 0 0 0 0 0 0 0 0 0 0 0 0 0 0 1 0 0 0 0 0
"90" 1 0 0 0 0 0 0 0 0 0 1 1 0 1 0 1 1 1 1 0
"91" 1 0 0 0 0 1 1 0 0 0 1 0 1 0 0 0 0 0 0 0
"92" 0 1 1 0 0 0 0 0 0 0 1 1 0 1 0 1 1 1 0 1
"93" 1 0 0 0 0 0 0 0 0 0 0 1 0 0 1 1 1 0 0 0
"94" 1 0 0 0 1 0 1 0 0 0 0 0 0 0 0 0 0 0 0 0
"95" 1 0 0 0 0 0 0 0 0 0 0 1 1 0 1 0 0 0 0 0
"96" 0 0 1 0 0 1 0 0 0 0 1 1 1 0 0 0 0 0 0 0
"97" 0 0 0 0 0 0 0 0 0 0 0 0 0 0 0 0 0 0 0 0
"98" 0 1 0 1 1 1 1 0 0 0 1 0 0 0 0 0 0 0 0 0
"99" 1 0 1 1 1 0 0 1 1 1 0 1 0 0 0 0 0 0 0 0
"100" 1 1 1 1 0 0 0 1 1 0 1 1 1 0 0 0 0 0 0 0
"101" 0 1 1 1 0 0 0 1 1 1 0 0 0 0 1 0 0 1 1 0
"102" 1 0 1 1 0 1 0 1 1 0 1 0 0 1 0 1 0 0 1 0
"103" 0 1 0 1 1 0 0 0 1 0 0 1 0 0 1 0 0 0 0 0
"104" 1 0 1 0 0 1 0 0 1 0 1 1 1 1 0 0 0 0 0 0
"105" 1 1 0 0 1 1 0 0 0 0 0 1 1 0 1 0 0 0 0 0
"106" 1 0 0 0 0 0 0 0 0 0 1 1 0 0 0 0 0 0 0 0
"107" 1 0 1 1 1 0 1 1 0 0 1 0 1 1 0 1 1 1 0 0
"108" 1 0 0 1 0 0 1 0 0 1 1 1 1 0 1 1 1 0 1 1
"109" 1 0 1 0 1 0 0 0 0 1 1 1 1 1 0 0 1 1 1 1
"110" 0 0 1 0 0 0 0 0 0 0 1 1 1 1 1 1 1 1 0 0
"111" 0 0 1 0 0 1 0 0 0 0 1 1 0 0 0 0 0 0 0 0
"112" 0 0 0 0 0 0 0 0 0 0 1 1 1 0 1 0 0 1 0 0
"113" 0 0 0 0 0 0 0 0 0 0 1 0 0 1 1 1 0 0 0 0
"114" 0 0 0 0 1 0 0 0 0 0 0 1 1 0 1 1 0 0 0 0
"115" 1 1 1 1 1 1 0 0 1 0 1 1 1 1 1 1 1 1 1 1
"116" 1 1 1 1 0 0 0 0 1 0 1 1 0 1 1 1 0 1 1 1
"117" 1 1 0 0 0 0 0 0 0 0 1 1 0 0 0 1 1 0 0 0
"118" 1 1 0 0 1 1 1 0 0 1 0 1 1 1 1 1 0 0 1 0
"119" 1 0 1 0 0 1 0 0 0 0 1 1 1 1 1 1 1 1 1 0
"120" 0 1 0 0 0 1 0 0 0 0 0 0 0 1 1 0 1 1 0 0
"121" 1 1 0 0 0 0 0 0 0 0 0 1 1 1 0 0 1 0 0 0
"122" 1 0 0 0 0 1 0 0 0 0 0 1 0 0 1 0 0 0 0 0
"123" 1 0 0 0 0 1 1 0 0 0 1 1 1 0 0 0 0 0 0 0
"124" 1 1 1 0 0 0 0 0 0 0 1 0 1 1 1 0 0 0 0 0
"125" 1 0 1 0 1 0 0 0 0 0 1 1 1 1 0 1 1 0 0 1
"126" 1 0 1 0 0 0 0 0 1 0 0 0 1 0 1 0 0 0 0 0
"127" 0 1 0 0 0 0 0 0 0 0 1 1 1 1 0 1 1 1 1 1
"128" 0 1 1 1 0 1 1 1 1 0 0 0 0 1 1 0 0 0 0 0
"129" 0 0 0 0 1 1 0 0 0 0 1 1 0 0 1 0 0 0 0 0
"130" 0 0 0 0 0 0 0 0 0 0 1 1 1 1 0 1 1 0 0 1
"131" 1 1 1 1 0 0 1 0 1 1 1 1 0 1 1 1 0 1 0 1
"132" 1 0 0 0 0 0 0 0 0 0 1 1 1 1 0 1 0 0 0 0
"133" 0 1 0 1 0 0 0 1 0 0 1 0 0 0 0 0 0 0 0 0
"134" 1 0 0 1 1 1 0 0 0 1 0 1 1 1 0 1 0 0 0 1
"135" 0 0 0 0 0 0 0 0 0 0 1 0 1 0 0 0 0 0 0 0
"136" 1 1 1 0 0 1 0 1 0 1 0 0 1 0 1 0 0 0 1 0
"137" 0 1 0 0 1 0 0 0 0 1 0 0 1 0 0 0 0 0 0 0
"138" 1 0 0 0 1 1 1 1 0 0 1 0 1 0 0 0 0 0 0 0
"139" 1 1 1 0 1 0 0 0 0 0 0 1 0 1 1 1 0 0 0 0
"140" 1 0 1 0 1 0 1 1 1 1 1 0 1 1 1 0 0 0 0 0
"141" 0 0 0 1 0 0 0 0 0 0 0 1 0 1 0 0 1 0 0 0
"142" 1 0 1 0 1 1 0 1 1 1 0 0 1 0 0 0 0 0 0 0
"143" 0 1 0 0 0 0 0 0 0 0 1 0 1 0 0 0 0 0 0 0
"144" 1 1 1 1 0 0 0 1 1 0 0 0 1 0 0 1 0 0 0 0
"145" 1 1 1 0 1 1 0 1 0 0 1 0 0 0 0 1 0 0 0 0
"146" 0 1 0 0 1 0 0 0 0 0 1 0 0 1 1 0 0 0 0 0
"147" 1 0 0 0 1 0 0 0 0 0 0 0 0 0 1 0 1 0 0 0
"148" 1 1 0 1 0 1 0 0 0 0 1 0 0 1 1 0 0 0 1 0
"149" 1 1 0 1 1 1 1 0 0 0 0 0 1 0 1 0 1 0 0 0
"150" 0 1 1 0 0 0 0 0 1 0 0 0 0 0 0 0 0 0 0 0
"151" 1 1 0 0 1 0 0 0 0 0 1 0 0 1 0 0 0 0 0 0
"152" 0 0 1 0 0 0 0 1 0 0 1 1 0 1 1 0 1 1 0 0
"153" 1 0 1 0 0 1 0 0 0 0 0 0 0 0 0 0 0 0 0 0
"154" 0 0 1 0 0 0 0 0 0 0 1 0 0 0 0 0 0 0 0 0
"155" 1 1 1 1 0 0 1 0 0 0 0 0 0 0 0 0 0 0 0 0
"156" 0 0 0 1 0 0 0 0 0 0 1 1 0 0 0 1 0 0 0 0
"157" 0 0 0 1 1 0 0 0 0 0 1 1 1 0 1 1 1 0 0 0
"158" 1 1 1 1 0 0 0 1 1 1 0 0 0 0 1 0 0 0 0 0
"159" 1 0 0 0 1 1 0 0 0 0 1 1 0 1 0 0 0 1 0 0
"160" 1 0 0 0 0 0 0 0 0 0 1 1 0 0 0 0 0 0 0 0
"161" 1 0 0 0 0 0 0 0 0 0 1 0 1 0 1 1 0 1 0 1
"162" 1 1 1 0 0 1 0 1 1 1 0 0 0 0 0 0 0 0 0 0
"163" 1 0 1 0 0 0 0 0 0 0 0 0 1 0 0 0 0 0 0 0
"164" 1 1 0 1 0 0 0 0 0 0 1 0 0 1 0 0 0 0 0 0
"165" 1 0 0 0 0 0 0 0 0 0 0 0 1 0 0 0 0 0 0 0
"166" 0 1 1 1 0 0 1 0 1 1 0 0 0 0 0 0 0 0 0 0
"167" 1 0 1 1 1 0 0 1 0 0 0 1 1 0 1 0 1 0 0 0
"168" 0 0 0 1 1 0 0 0 0 0 1 1 0 0 0 0 0 1 0 1
"169" 1 0 1 0 1 1 0 1 0 0 0 1 1 1 1 0 1 0 1 0
"170" 0 0 1 0 0 0 0 0 0 0 1 1 1 1 0 1 1 1 0 1
"171" 0 0 0 0 1 0 0 0 0 0 1 0 0 1 0 0 0 0 0 0
"172" 0 1 1 0 1 0 0 1 0 1 0 0 0 1 0 0 0 0 0 0
"173" 0 1 0 1 0 0 0 0 0 1 1 1 1 0 1 0 1 1 0 0
"174" 0 0 1 0 1 1 0 0 0 0 1 0 0 1 1 0 0 0 0 0
"175" 0 0 1 0 0 0 0 0 0 0 1 1 1 1 0 1 1 0 1 1
"176" 1 0 1 0 0 0 1 0 0 0 1 1 1 1 1 1 1 1 1 0
"177" 1 1 1 1 1 1 1 1 0 1 1 1 1 1 0 0 0 0 0 0
"178" 0 1 0 1 0 0 0 0 0 0 1 1 1 1 1 1 1 1 0 1
"179" 1 1 1 1 0 1 0 0 0 1 1 1 0 1 1 1 1 0 1 1
"180" 1 0 0 1 0 0 0 0 0 0 1 1 1 0 1 1 1 1 1 0
"181" 0 1 0 0 0 0 0 0 0 0 1 1 1 1 0 1 0 0 0 1
"182" 1 0 0 0 1 1 0 0 1 0 0 0 0 0 0 0 1 0 0 0
"183" 0 1 0 0 0 0 0 0 0 0 0 1 0 1 0 0 0 0 0 0
"184" 1 0 0 0 1 0 0 0 0 0 1 1 0 1 1 1 1 1 1 1
"185" 0 1 0 1 1 0 0 1 0 0 0 1 0 0 1 1 0 0 1 0
"186" 1 0 1 0 0 1 0 1 0 1 1 0 1 0 0 0 0 0 0 0
"187" 0 1 0 0 1 0 1 0 0 0 0 0 0 0 0 0 0 0 0 0
"188" 1 1 1 0 0 1 1 0 0 0 1 1 0 0 0 0 0 0 0 0
"189" 0 1 1 1 0 0 0 1 0 0 0 0 0 0 0 0 0 0 0 0
"190" 1 0 0 0 0 0 0 0 0 0 0 0 1 1 0 0 0 0 0 0
"191" 0 0 0 1 0 0 0 0 0 0 1 1 0 1 0 0 0 0 0 0
"192" 0 0 0 0 0 0 0 0 0 0 0 0 0 0 0 1 0 0 0 0
"193" 1 0 0 0 0 0 0 0 0 0 0 1 1 1 1 1 0 1 1 0
"194" 0 0 1 0 0 0 0 0 0 0 0 0 0 0 0 0 0 0 0 0
"195" 1 1 1 0 1 0 0 0 0 0 0 0 1 0 1 0 1 0 0 0
"196" 0 0 0 0 0 0 1 0 0 0 1 1 1 1 1 1 1 1 0 1
"197" 0 0 1 1 1 1 1 1 0 0 0 1 0 0 1 1 0 0 0 1
"198" 1 1 1 1 1 1 0 1 0 1 0 0 0 0 0 0 0 0 0 0
"199" 1 1 1 0 1 1 0 0 1 1 1 1 0 0 1 0 0 1 0 0
"200" 0 0 0 0 0 0 0 0 0 0 0 0 0 0 0 0 0 0 0 0
"201" 0 1 0 1 1 1 0 0 0 0 1 1 0 0 0 0 0 0 0 0
"202" 0 0 1 0 1 1 0 1 1 0 0 0 0 0 1 0 0 0 0 0
"203" 0 0 0 1 0 0 0 0 0 0 0 0 0 0 0 0 0 0 0 0
"204" 1 1 0 1 0 0 1 0 1 1 0 0 0 0 0 0 0 0 0 0
"205" 1 0 1 1 0 1 0 1 1 1 1 1 0 0 1 0 1 0 0 0
"206" 1 0 1 1 0 0 0 1 0 0 0 0 0 0 0 0 0 0 0 0
"207" 0 1 1 1 0 0 0 0 0 0 1 1 1 1 0 0 1 1 0 0
"208" 0 1 1 1 0 1 0 0 0 1 0 0 0 0 0 0 0 0 0 0
"209" 1 0 1 0 1 0 1 1 0 0 0 1 0 0 0 0 1 0 1 1
"210" 1 1 1 1 0 0 1 1 0 1 0 0 1 0 0 0 1 0 0 0
"211" 1 1 1 1 0 1 1 1 0 0 1 1 0 0 0 0 0 0 0 0
"212" 1 0 0 0 0 1 0 0 0 0 0 1 0 0 1 0 0 1 0 0
"213" 1 1 1 0 0 0 1 1 1 0 1 0 0 0 0 0 0 0 0 0
"214" 0 0 0 0 0 0 0 0 0 0 0 0 1 1 0 0 0 0 0 0
"215" 0 1 1 0 0 0 0 1 0 0 1 0 0 0 0 0 0 0 0 0
"216" 0 1 1 1 0 0 0 0 0 0 0 1 1 0 1 1 0 0 1 0
"217" 0 0 0 1 0 1 0 0 0 0 1 1 0 1 1 0 0 0 0 0
"218" 1 1 0 0 0 0 0 1 0 0 1 0 1 0 0 0 0 0 0 0
"219" 1 1 1 0 0 0 1 1 0 1 1 1 0 0 1 1 1 0 1 0
"220" 1 0 1 1 0 0 1 1 1 1 0 1 0 1 0 1 1 1 1 0
"221" 1 1 1 1 0 1 0 1 0 1 1 1 0 0 0 0 1 1 1 0
"222" 0 0 0 1 1 0 1 0 0 0 0 0 1 0 0 0 0 0 0 0
"223" 1 1 1 0 0 1 1 0 1 0 0 1 1 0 0 0 0 0 0 0
"224" 0 0 0 1 1 0 0 0 0 0 0 0 0 0 0 0 0 0 0 0
"225" 1 0 0 0 1 0 0 0 0 0 0 0 1 1 0 0 1 0 0 1
"226" 0 0 0 0 0 0 0 0 0 0 1 1 0 1 1 0 0 1 1 1
"227" 1 1 1 0 0 0 0 0 0 0 1 1 1 1 1 0 0 0 0 0
"228" 1 0 0 0 1 1 1 0 0 1 1 1 0 0 1 1 0 0 1 1
"229" 0 1 0 1 1 0 0 0 0 1 1 0 0 0 0 1 0 0 0 0
"230" 1 1 1 1 0 0 0 0 0 1 0 1 0 0 0 0 0 0 0 0
"231" 0 1 0 0 0 0 0 0 0 0 0 0 0 0 1 0 0 0 1 0
"232" 1 1 1 0 0 1 0 0 1 1 0 0 0 1 0 0 0 1 0 0
"233" 0 0 0 0 1 0 0 0 0 0 1 1 0 1 1 1 0 1 1 0
"234" 0 0 0 1 0 0 0 0 0 0 1 0 1 0 1 0 0 0 0 0
"235" 0 0 0 0 0 0 1 0 0 0 0 1 0 1 1 1 1 1 1 1
"236" 0 0 1 1 1 0 1 0 0 0 1 1 1 1 1 1 1 1 1 0
"237" 1 1 1 1 0 0 1 1 1 0 1 1 1 1 1 0 0 0 0 0
"238" 1 0 1 1 1 1 0 0 1 1 1 0 0 0 0 0 0 0 0 0
"239" 0 0 0 1 1 0 0 0 0 0 1 1 1 1 0 0 0 0 1 0
"240" 1 0 0 0 1 0 0 0 0 0 0 1 0 0 0 0 0 0 0 0
"241" 1 1 1 0 1 0 1 0 1 1 1 1 0 1 0 1 0 1 0 1
"242" 1 0 0 1 1 1 0 0 0 0 0 1 1 0 1 0 1 0 0 0
"243" 1 1 1 1 1 1 1 1 1 1 0 0 0 1 0 0 0 0 0 0
"244" 1 0 0 0 1 1 0 0 1 0 1 0 0 1 1 0 0 0 0 0
"245" 1 0 0 1 1 0 0 0 1 1 0 1 1 1 1 1 1 1 0 1
"246" 1 1 0 1 1 1 1 1 1 1 1 1 1 1 0 1 0 0 0 0
"247" 1 0 0 0 0 0 0 0 0 0 0 0 0 0 1 0 0 0 0 0
"248" 0 0 0 0 0 0 0 0 0 0 0 1 1 0 0 1 0 1 0 1
"249" 0 1 0 1 0 0 0 0 0 0 0 1 0 0 0 0 0 0 0 0
"250" 0 0 0 0 0 0 0 0 0 0 0 0 0 0 0 0 0 0 0 0
"251" 0 0 0 0 0 0 0 0 0 0 0 1 0 1 1 1 1 1 1 0
"252" 0 0 0 0 1 0 0 0 0 0 0 0 0 0 0 0 0 0 0 0
"253" 0 0 0 0 0 0 0 0 0 0 0 1 1 0 0 1 0 1 0 0
"254" 0 1 0 0 1 1 1 0 0 0 0 0 0 0 0 0 0 0 0 0
"255" 0 0 1 0 0 0 0 0 0 0 1 0 1 0 0 0 0 0 0 0
"256" 1 1 1 0 1 0 0 0 0 0 0 1 0 1 0 1 1 0 0 1
"257" 1 1 1 1 1 0 1 1 1 0 1 1 1 1 1 1 1 0 1 1
"258" 1 0 1 0 0 0 0 0 0 0 1 1 1 1 0 1 0 0 0 1
"259" 0 1 1 0 0 1 0 1 0 1 0 0 1 0 0 0 0 0 0 0
"260" 0 1 0 0 0 0 0 0 0 0 0 0 0 0 0 0 0 0 0 0
"261" 0 1 0 0 0 0 0 0 0 0 1 1 1 1 1 1 1 1 1 1
"262" 0 0 1 1 0 0 1 0 0 0 0 1 1 1 0 0 0 0 0 0
"263" 0 1 1 1 1 0 1 1 1 0 0 1 1 1 1 1 1 0 1 0
"264" 0 0 0 0 0 1 1 0 0 0 0 1 0 1 0 0 0 0 0 0
"265" 1 0 0 0 0 0 0 0 0 0 0 0 1 0 0 0 0 0 0 0
"266" 1 1 1 0 0 0 0 0 0 0 0 0 0 1 1 0 1 0 0 0
"267" 1 0 0 0 0 0 0 0 0 0 1 1 0 0 0 1 1 0 0 0
"268" 1 1 1 0 0 0 1 1 0 0 0 0 0 0 1 0 0 0 0 0
"269" 1 1 1 0 1 1 0 0 0 0 1 0 0 0 0 0 0 0 0 0
"270" 0 0 0 0 0 0 0 0 0 0 1 0 0 0 1 1 0 1 0 0
"271" 1 1 1 1 0 1 1 1 1 1 1 1 1 0 0 0 0 0 0 0
"272" 1 0 0 1 1 0 0 1 0 0 1 1 0 0 1 0 0 0 0 0
"273" 1 1 1 0 0 0 1 0 0 0 1 1 1 1 1 1 1 1 1 1
"274" 0 0 0 0 0 0 0 0 0 0 0 0 0 1 1 0 0 0 0 0
"275" 1 0 0 0 0 0 0 0 0 0 1 0 0 0 1 0 0 0 0 0
"276" 1 0 1 1 1 1 0 1 1 1 1 0 0 0 0 0 0 0 0 0
"277" 1 1 1 0 0 0 0 0 0 0 0 0 0 0 0 0 0 0 0 0
"278" 0 0 0 0 0 0 0 0 0 0 1 1 1 1 1 1 1 1 0 1
"279" 1 0 1 1 0 1 0 0 0 0 1 1 1 0 0 0 0 0 1 0
"280" 0 0 1 0 0 0 0 0 0 0 1 1 1 1 0 0 0 1 1 1
"281" 0 0 0 0 1 1 0 0 0 0 1 1 1 1 1 0 1 0 1 0
"282" 0 0 0 1 0 0 0 0 0 0 1 0 0 0 0 0 0 0 0 0
"283" 1 0 1 1 0 1 1 1 0 0 0 1 0 1 1 0 0 0 0 0
"284" 0 0 0 0 0 0 0 0 0 0 0 1 1 1 1 1 1 0 1 0
"285" 1 0 0 0 1 1 1 0 0 0 0 0 0 0 0 0 0 0 0 0
"286" 0 0 0 0 0 0 0 0 0 0 0 0 0 0 0 0 0 0 0 0
"287" 1 0 0 1 0 0 1 0 0 0 1 0 1 1 0 0 0 0 0 0
"288" 0 1 1 0 0 1 0 0 0 0 0 0 0 0 0 0 0 0 0 0
"289" 1 0 0 1 0 0 0 0 0 0 1 0 0 0 0 0 0 0 0 0
"290" 0 0 1 0 0 0 0 1 0 0 1 0 0 1 0 1 0 0 0 0
"291" 1 1 0 0 0 1 0 0 0 0 0 0 0 0 0 0 0 0 0 0
"292" 0 0 1 0 0 0 0 1 0 0 1 0 1 0 0 0 0 0 0 0
"293" 0 1 1 0 0 0 0 0 0 0 0 1 0 0 0 0 0 0 0 0
"294" 0 0 1 0 0 1 0 0 0 0 0 0 1 0 0 0 0 0 0 0
"295" 1 0 1 1 1 1 1 1 1 0 1 0 1 1 0 1 0 0 0 0
"296" 1 1 1 1 1 0 1 1 1 1 0 0 0 0 1 0 0 0 0 0
"297" 0 0 0 1 0 0 0 0 0 0 1 1 1 1 0 0 0 0 0 0
"298" 1 1 1 0 1 1 0 1 1 1 1 0 1 0 0 0 0 0 0 0
"299" 0 0 1 0 0 0 0 0 0 0 1 0 1 0 0 0 0 0 0 0
"300" 0 0 0 0 1 0 0 0 0 0 1 1 1 1 0 0 0 0 0 1
"301" 1 1 1 1 1 1 1 1 1 0 0 0 0 0 0 0 0 0 0 0
"302" 1 0 1 1 0 0 0 0 0 0 0 1 0 1 0 0 0 0 0 0
"303" 0 1 1 1 0 1 1 0 0 0 0 0 0 0 0 0 0 0 0 0
"304" 0 1 0 0 1 0 1 0 0 0 0 0 0 0 0 0 0 0 0 0
"305" 1 1 1 0 0 0 1 0 0 0 1 1 1 1 1 1 1 1 0 1
"306" 0 0 0 0 0 0 0 0 0 0 0 0 1 0 1 0 0 0 0 0
"307" 1 0 1 1 0 0 0 1 0 0 1 0 0 1 1 0 0 0 0 0
"308" 1 1 0 0 0 0 0 1 0 0 0 1 1 0 0 0 0 0 0 0
"309" 0 0 0 0 0 0 0 0 0 0 1 0 0 0 0 0 0 0 0 0
"310" 1 0 0 0 0 0 0 0 0 0 1 0 1 0 0 0 0 0 0 0
"311" 0 0 0 1 0 0 0 0 0 0 0 1 0 1 0 1 1 0 0 0
"312" 0 0 0 0 0 0 0 0 0 0 1 0 0 0 0 1 0 0 0 0
"313" 0 1 0 0 0 0 0 0 0 0 1 1 0 1 1 1 1 0 0 0
"314" 1 1 1 1 1 1 1 0 0 0 1 0 0 0 0 0 0 0 0 0
"315" 1 1 1 0 1 1 1 1 1 1 0 0 0 0 0 0 0 0 0 0
"316" 1 1 1 0 0 0 0 0 0 0 0 0 0 0 0 0 0 0 0 0
"317" 0 0 0 0 0 1 0 0 0 0 1 1 1 1 1 1 1 1 1 1
"318" 0 0 0 0 0 0 0 0 0 0 0 0 0 0 0 0 0 0 0 0
"319" 0 1 1 1 1 1 0 1 1 1 1 1 0 1 0 1 1 1 1 1
"320" 0 0 0 0 0 0 0 0 0 0 1 0 1 0 0 0 0 0 0 0
"321" 1 1 1 0 0 0 0 0 0 0 0 1 0 1 1 1 0 1 0 0
"322" 1 0 0 1 0 0 0 0 0 0 0 1 1 0 1 0 1 0 1 1
"323" 1 1 0 1 0 0 1 0 0 0 0 1 1 1 1 0 0 0 1 0
"324" 1 0 1 0 1 0 0 1 1 1 0 0 0 1 1 1 1 1 0 0
"325" 1 1 1 0 1 1 1 1 1 0 1 0 0 0 0 0 0 0 0 0
"326" 0 0 1 0 0 0 0 0 0 0 1 0 1 1 0 1 1 1 0 0
"327" 0 0 0 0 0 0 0 0 0 0 1 0 1 0 1 0 0 0 0 0
"328" 0 1 1 1 0 1 1 1 1 0 1 1 1 1 1 1 1 1 1 1
"329" 0 0 0 0 0 0 0 0 0 0 1 1 1 0 0 1 0 0 1 1
"330" 0 0 1 1 0 1 0 0 0 0 0 0 0 1 0 0 0 0 0 0
"331" 0 0 0 0 0 0 0 0 0 0 0 1 0 1 1 1 1 1 1 0
"332" 0 0 0 0 0 0 0 0 0 0 1 1 0 0 1 0 1 0 1 0
"333" 0 1 0 0 0 0 0 0 0 0 0 0 0 1 1 0 0 0 0 0
"334" 1 1 1 0 1 1 1 1 1 0 1 1 0 1 1 0 0 0 1 0
"335" 0 1 0 0 0 0 0 0 0 0 1 1 1 0 1 0 0 0 0 0
"336" 1 0 1 0 1 0 0 1 0 0 0 0 0 1 0 0 1 0 0 0
"337" 0 0 0 1 1 1 0 0 0 0 0 0 1 0 0 0 1 0 0 0
"338" 1 1 1 0 1 1 1 1 0 0 0 0 0 0 0 0 0 0 0 0
"339" 0 0 0 1 0 0 0 0 0 0 1 1 0 0 0 0 0 1 0 0
"340" 0 0 0 0 1 0 0 0 0 0 0 0 1 0 0 0 1 0 0 0
"341" 0 1 0 0 0 0 0 0 0 0 1 0 1 0 0 0 0 0 0 0
"342" 1 1 0 1 0 0 0 0 0 0 0 0 1 0 1 0 0 1 0 0
"343" 0 0 0 1 0 0 0 0 0 0 1 1 0 0 0 0 0 0 0 0
"344" 1 0 0 0 0 0 0 0 0 0 1 1 0 0 0 0 1 1 0 1
"345" 0 1 0 1 0 0 0 0 0 0 0 0 0 1 0 0 1 0 1 1
"346" 1 1 1 0 1 0 1 0 1 0 0 0 0 0 0 0 0 0 0 0
"347" 0 0 1 0 0 0 0 0 0 0 1 1 0 1 1 1 0 0 1 0
"348" 1 1 0 0 1 0 1 0 0 0 0 0 0 0 0 0 0 0 0 0
"349" 0 1 1 1 0 0 0 0 0 0 1 1 1 0 0 1 1 0 1 0
"350" 0 1 0 0 0 0 0 0 0 0 1 1 1 1 1 1 1 1 1 1
"351" 0 1 0 1 0 0 0 0 0 0 0 0 0 0 0 0 0 0 0 0
"352" 0 0 0 0 0 0 1 0 0 0 1 1 1 0 1 0 0 1 0 1
"353" 0 1 0 1 0 0 0 0 0 0 0 1 0 0 0 0 0 0 0 0
"354" 1 1 1 1 0 1 0 1 1 1 0 0 0 0 0 0 0 0 0 0
"355" 1 0 0 0 1 1 0 0 0 0 1 1 0 1 1 0 0 0 0 0
"356" 1 0 1 1 1 1 1 1 1 0 0 0 0 0 0 0 0 0 0 0
"357" 0 0 0 0 1 0 1 0 0 0 0 1 1 1 0 1 0 0 1 0
"358" 1 0 1 1 1 1 0 0 0 0 0 0 1 1 0 1 0 1 1 0
"359" 1 0 0 0 0 0 0 0 0 0 0 0 0 0 0 0 0 0 0 0
"360" 1 0 0 0 1 0 0 0 0 0 1 1 0 1 1 1 0 1 0 0
"361" 1 1 1 0 0 0 1 1 1 1 1 1 1 1 1 1 0 0 0 1
"362" 1 0 1 0 1 0 0 1 0 0 0 0 1 1 0 0 0 0 0 0
"363" 1 0 0 0 1 0 0 0 0 0 0 0 1 0 0 0 0 0 0 0
"364" 0 1 0 1 1 0 0 0 0 0 1 1 1 1 1 1 1 1 1 1
"365" 1 1 1 1 1 0 0 0 1 0 1 1 0 1 0 0 0 0 0 1
"366" 0 0 0 0 1 0 0 0 0 0 1 1 1 1 1 1 1 1 0 1
"367" 0 0 0 0 1 0 0 0 0 0 1 0 1 0 0 0 0 0 0 0
"368" 1 1 1 1 1 0 0 1 1 0 1 1 0 1 1 1 1 1 1 1
"369" 0 0 0 0 1 0 0 0 0 0 1 1 0 0 0 0 0 0 0 0
"370" 0 0 0 0 0 0 0 0 0 0 0 0 1 0 0 1 0 0 0 0
"371" 1 1 1 0 0 1 0 0 0 0 0 0 0 0 0 0 0 0 0 0
"372" 1 0 1 1 0 1 0 0 0 1 0 1 0 1 0 1 1 0 1 1
"373" 0 0 0 0 0 0 0 0 0 0 0 1 0 1 0 0 1 0 0 0
"374" 1 1 1 1 1 0 1 1 0 0 0 1 0 0 0 0 0 0 0 0
"375" 1 1 1 0 1 0 0 0 0 0 1 1 0 0 0 0 0 0 0 0
"376" 0 0 1 0 1 0 0 0 0 0 1 0 1 1 1 1 1 1 1 0
"377" 1 0 1 0 1 0 0 0 0 0 0 1 1 0 0 0 0 0 0 0
"378" 0 1 0 1 0 0 0 0 0 0 0 1 1 1 0 0 0 0 0 0
"379" 1 1 1 1 0 1 1 1 1 0 1 0 0 0 0 1 0 0 0 0
"380" 0 0 0 0 0 0 1 0 0 0 1 1 0 0 0 0 0 0 0 0
"381" 0 1 1 1 0 0 0 0 0 0 1 0 0 0 0 0 0 0 0 0
"382" 0 0 1 1 0 0 0 0 0 1 1 0 1 1 0 1 0 0 0 0
"383" 1 0 0 0 0 0 0 0 0 0 1 1 0 1 0 0 1 0 0 0
"384" 0 0 0 0 1 0 0 0 0 0 1 0 1 1 1 1 1 1 1 1
"385" 1 1 1 1 0 1 0 0 0 1 0 1 1 0 0 0 0 0 0 0
"386" 1 0 0 1 0 0 0 0 0 0 0 1 0 0 1 1 0 0 0 0
"387" 0 1 0 0 0 0 0 0 0 0 0 0 1 0 0 0 0 0 0 0
"388" 1 1 0 0 0 1 0 1 0 0 1 1 1 1 0 1 1 1 1 1
"389" 1 1 1 1 1 1 0 0 1 1 0 0 1 1 1 1 1 0 1 0
"390" 0 0 0 0 0 0 0 0 0 0 1 0 0 0 0 1 0 0 0 0
"391" 1 0 0 1 1 0 0 0 0 0 0 1 0 0 0 0 0 0 0 0
"392" 1 1 1 0 0 0 0 0 0 0 1 1 0 1 0 1 1 1 0 0
"393" 1 0 0 0 1 0 0 0 0 0 0 1 0 1 0 0 1 1 1 0
"394" 0 0 0 1 0 0 0 0 0 0 1 1 1 1 0 1 0 1 0 1
"395" 0 0 0 0 1 0 0 0 0 0 1 1 0 0 0 0 1 0 0 0
"396" 1 1 0 0 1 0 0 0 0 0 0 0 0 0 0 0 0 0 0 0
"397" 0 1 1 0 1 0 1 0 0 1 0 0 0 0 1 0 0 0 0 0
"398" 0 0 0 0 0 0 0 0 0 0 0 1 1 1 1 1 1 0 1 1
"399" 1 0 1 1 0 0 0 0 0 0 1 0 0 0 0 0 0 0 0 0
"400" 1 1 1 1 0 1 0 0 1 0 1 1 0 0 0 1 0 1 1 0
"401" 0 0 1 0 0 1 0 0 0 0 1 1 1 1 1 1 1 1 0 0
"402" 1 1 1 1 0 0 1 0 1 0 0 0 0 0 0 0 0 0 0 0
"403" 1 0 1 0 0 0 0 0 0 0 0 1 1 0 1 1 0 1 1 1
"404" 1 0 1 1 0 1 1 1 1 1 0 1 0 0 1 0 1 0 0 1
"405" 0 0 1 0 0 0 0 0 0 0 0 0 0 0 0 0 0 0 0 0
"406" 0 1 0 1 0 0 1 0 0 0 1 1 1 0 0 1 0 1 0 1
"407" 1 1 1 1 0 1 1 1 1 1 0 0 1 0 0 0 0 0 0 0
"408" 1 0 0 0 0 1 0 1 0 0 1 1 1 1 1 1 1 1 1 1
"409" 0 1 1 0 0 0 1 0 0 0 1 0 0 1 0 0 1 0 0 1
"410" 1 0 0 1 1 0 1 1 1 1 1 0 1 1 0 0 0 0 1 0
"411" 1 1 1 1 1 1 1 1 1 1 0 1 1 1 1 1 1 0 1 0
"412" 1 1 0 0 0 0 0 0 0 0 0 0 1 0 0 0 0 0 0 0
"413" 0 0 1 0 0 1 1 1 0 1 1 0 1 0 0 1 1 0 1 0
"414" 0 0 1 0 0 0 0 0 0 0 1 0 0 0 1 0 0 0 0 0
"415" 1 1 1 1 0 1 1 1 1 1 0 1 0 0 0 0 0 0 0 0
"416" 1 0 0 0 0 0 0 1 1 0 1 0 1 1 0 0 0 0 0 0
"417" 0 0 0 0 1 1 0 0 0 0 0 1 0 0 0 0 0 0 0 1
"418" 1 1 1 0 1 0 0 1 1 0 1 1 1 1 1 0 1 0 0 1
"419" 0 1 0 0 1 0 1 0 0 0 0 1 0 1 0 1 0 0 0 0
"420" 1 1 1 0 0 0 0 1 0 0 1 1 0 1 1 1 1 1 1 0
"421" 0 0 0 0 0 1 1 0 0 0 0 0 0 0 0 0 0 0 0 0
"422" 1 1 1 0 0 0 0 1 0 0 0 0 0 0 0 0 0 0 0 0
"423" 0 1 0 0 0 0 0 0 0 0 1 0 1 0 1 0 0 0 0 0
"424" 1 1 0 1 0 0 0 1 1 0 1 1 0 0 0 0 0 0 0 0
"425" 1 1 1 1 1 0 0 0 0 1 1 1 1 1 1 1 1 1 1 1
"426" 1 1 0 1 0 1 0 1 1 0 0 1 1 1 0 0 1 0 0 0
"427" 1 0 0 1 1 1 1 1 1 0 1 1 0 0 1 0 0 0 0 0
"428" 1 1 1 1 1 1 1 1 1 1 1 0 1 0 1 0 0 0 0 0
"429" 0 0 0 0 0 0 0 0 0 0 1 1 1 1 1 0 0 0 0 0
"430" 1 0 0 1 0 1 0 0 0 0 0 0 1 1 0 1 0 1 1 1
"431" 0 1 0 0 0 0 0 1 0 0 0 1 1 0 1 1 0 1 0 0
"432" 1 1 1 1 1 1 0 1 1 0 0 0 0 0 0 0 0 0 0 0
"433" 1 0 1 0 1 0 0 0 0 0 1 0 0 0 0 0 0 0 0 0
"434" 0 1 1 0 1 0 1 0 0 0 1 0 0 0 0 0 0 0 0 0
"435" 1 1 0 0 0 0 0 0 0 0 0 0 0 1 0 0 0 0 0 0
"436" 0 1 0 1 1 1 0 0 0 0 1 1 0 1 1 1 0 1 1 1
"437" 1 1 1 0 0 0 0 0 0 0 1 1 1 1 0 0 1 1 1 1
"438" 1 0 0 1 0 1 0 0 0 1 1 1 0 1 1 0 0 0 0 0
"439" 1 0 0 1 0 1 0 0 0 0 1 1 1 1 1 1 0 1 1 0
"440" 1 1 0 0 0 0 0 0 0 1 0 1 0 1 0 0 1 1 0 0
"441" 1 1 0 1 1 0 1 1 1 0 0 1 0 1 0 0 0 1 0 0
"442" 1 0 0 0 0 0 0 0 0 0 1 0 0 0 0 0 0 0 0 0
"443" 1 1 0 1 0 1 1 1 0 0 1 0 1 0 0 0 0 1 0 0
"444" 0 1 1 0 1 0 1 0 0 0 1 0 1 0 1 0 0 1 0 0
"445" 0 0 0 0 1 0 0 0 0 1 0 1 1 1 1 1 1 1 1 1
"446" 1 1 1 1 1 0 1 1 1 1 1 1 0 1 1 1 1 1 1 0
"447" 1 0 1 1 0 1 0 0 1 0 1 0 1 0 0 1 0 0 0 0
"448" 0 0 0 0 0 1 1 0 0 0 0 0 0 0 0 1 1 0 0 0
"449" 0 0 0 0 0 0 0 0 0 0 0 0 0 0 0 0 0 0 0 0
"450" 0 0 1 0 0 0 0 0 0 0 0 0 1 0 0 0 0 0 0 0
"451" 0 1 1 1 0 1 1 0 0 0 0 0 0 0 0 0 0 0 1 0
"452" 0 0 0 1 0 0 0 0 0 0 1 0 1 0 0 0 0 0 0 0
"453" 1 0 1 0 0 0 0 0 0 0 1 0 0 1 0 0 0 1 0 0
"454" 1 1 1 0 1 0 1 1 1 1 0 1 0 0 0 0 0 0 0 0
"455" 0 0 0 0 0 1 1 0 0 0 1 0 0 0 0 0 0 0 0 0
"456" 1 0 1 0 0 0 1 0 0 0 0 0 0 0 0 1 0 0 0 0
"457" 1 1 1 1 1 1 1 1 1 0 0 0 0 0 0 0 0 0 0 0
"458" 1 1 1 1 1 0 1 1 1 1 1 1 0 1 1 1 0 0 1 0
"459" 1 1 1 0 1 0 1 0 0 1 1 0 1 0 0 0 0 0 0 0
"460" 0 0 0 0 1 0 0 0 0 0 0 1 0 0 0 0 0 0 0 0
"461" 0 1 0 0 0 0 1 0 0 0 0 0 1 0 0 0 0 0 0 0
"462" 0 0 0 0 0 1 0 0 0 0 1 0 0 1 0 0 0 1 1 0
"463" 1 1 0 0 1 0 1 0 1 0 0 0 1 1 0 0 0 0 0 0
"464" 1 0 0 1 0 0 0 1 1 1 0 0 0 0 0 0 0 0 0 0
"465" 1 0 0 1 0 0 0 0 0 0 0 1 0 1 0 1 1 0 0 1
"466" 0 1 0 0 0 1 1 0 0 0 0 1 1 1 1 1 1 0 1 1
"467" 1 0 1 0 1 1 0 0 0 0 1 1 0 0 1 0 0 0 0 0
"468" 1 0 1 1 0 0 0 1 0 0 0 0 0 0 0 0 0 0 0 0
"469" 0 0 0 0 0 0 0 0 0 0 1 1 1 1 0 0 1 0 0 0
"470" 0 0 0 0 0 0 0 0 0 0 0 1 0 1 0 0 0 0 0 0
"471" 0 0 0 1 0 0 1 1 1 1 1 0 0 0 1 0 1 1 1 0
"472" 0 1 0 0 1 0 0 0 0 0 0 1 1 0 0 0 0 0 0 0
"473" 0 1 0 1 1 1 0 1 0 1 1 0 0 1 0 0 0 0 0 0
"474" 0 1 1 1 0 1 1 1 1 0 0 1 1 1 1 0 0 0 0 0
"475" 0 0 0 0 0 0 0 0 0 0 1 1 0 0 0 0 0 0 0 0
"476" 0 1 0 0 1 0 0 0 0 0 0 1 1 0 1 1 0 0 1 0
"477" 1 1 0 1 0 1 1 0 1 0 1 0 0 0 0 0 0 0 0 0
"478" 1 1 1 1 1 1 1 1 1 0 1 1 0 1 1 1 1 1 1 1
"479" 0 0 0 0 0 0 0 0 0 0 0 0 0 1 0 1 0 1 0 0
"480" 0 1 1 0 1 0 1 0 1 1 1 1 1 1 1 1 1 1 1 1
"481" 0 1 1 0 0 0 0 1 1 1 0 1 1 1 0 0 1 0 0 0
"482" 0 1 0 0 0 0 0 0 0 0 0 0 1 0 0 0 0 0 1 0
"483" 0 1 0 0 0 0 0 0 0 0 1 1 1 1 1 0 1 1 1 0
"484" 0 0 0 0 0 0 0 0 0 0 0 0 0 0 0 0 0 0 0 0
"485" 0 0 0 0 0 0 1 0 0 0 1 0 0 0 0 0 0 0 0 0
"486" 0 0 0 0 0 0 0 0 0 0 1 0 1 0 0 0 0 0 0 0
"487" 1 1 0 0 0 0 0 0 0 0 1 1 0 1 1 0 1 0 1 0
"488" 1 0 0 0 0 0 0 0 0 0 0 0 1 0 0 0 0 0 0 1
"489" 0 0 0 0 0 0 0 0 0 0 0 0 1 0 0 0 0 0 0 0
"490" 1 1 0 1 0 0 1 0 0 0 1 0 1 1 1 1 0 0 0 0
"491" 1 1 1 1 1 1 1 1 1 0 1 1 1 0 1 1 0 1 0 1
"492" 0 0 0 1 0 0 1 1 0 0 1 1 1 1 1 1 1 1 1 1
"493" 0 0 0 0 1 1 0 0 0 0 1 0 1 0 1 0 0 0 0 0
"494" 0 1 1 1 0 0 0 0 0 0 0 1 0 1 0 0 0 0 0 0
"495" 0 0 0 0 1 0 0 0 0 0 1 1 1 1 1 1 1 1 1 1
"496" 0 1 1 1 1 0 0 1 1 1 0 0 0 0 0 0 0 0 0 0
"497" 1 1 1 1 1 1 0 0 0 0 0 0 0 0 0 0 0 0 0 1
"498" 0 0 0 1 0 0 0 0 0 0 1 0 1 0 0 1 1 1 0 0
"499" 1 1 0 1 0 0 0 0 0 0 0 0 1 1 0 0 0 0 0 0
"500" 1 0 1 1 0 0 0 0 0 0 1 0 0 0 1 0 0 0 0 0
