2-PL MTK Modeli Analizi                                                         
>COMMENT                                                                        
   1  30
  30
ITEM01  TEST0001   2.92441   0.30070   1.58935   0.25754  -1.84000   0.19246   0.84640   0.13715   0.00000   0.00000   0.00000   0.00000             110
ITEM02  TEST0001   0.02087   0.11323   1.10004   0.17011  -0.01897   0.10301   0.73995   0.11443   0.00000   0.00000   0.00000   0.00000             210
ITEM03  TEST0001   1.58125   0.15159   1.01050   0.17064  -1.56481   0.23790   0.71079   0.12003   0.00000   0.00000   0.00000   0.00000             310
ITEM04  TEST0001   0.52129   0.12614   1.47144   0.20284  -0.35427   0.08969   0.82708   0.11401   0.00000   0.00000   0.00000   0.00000             410
ITEM05  TEST0001   1.41082   0.15334   1.22424   0.18553  -1.15241   0.15574   0.77447   0.11737   0.00000   0.00000   0.00000   0.00000             510
ITEM06  TEST0001   1.40367   0.13739   0.68416   0.14981  -2.05166   0.41557   0.56466   0.12364   0.00000   0.00000   0.00000   0.00000             610
ITEM07  TEST0001   2.09394   0.19621   1.37020   0.20537  -1.52821   0.18139   0.80776   0.12107   0.00000   0.00000   0.00000   0.00000             710
ITEM08  TEST0001   0.60416   0.12281   1.25985   0.17231  -0.47955   0.10576   0.78325   0.10712   0.00000   0.00000   0.00000   0.00000             810
ITEM09  TEST0001   0.45975   0.11804   1.19246   0.17258  -0.38555   0.10841   0.76623   0.11090   0.00000   0.00000   0.00000   0.00000             910
ITEM10  TEST0001   1.68364   0.18625   2.07839   0.28903  -0.81007   0.09746   0.90112   0.12532   0.00000   0.00000   0.00000   0.00000            1010
ITEM11  TEST0001   1.04940   0.13271   1.04293   0.15470  -1.00620   0.15409   0.72181   0.10707   0.00000   0.00000   0.00000   0.00000            1110
ITEM12  TEST0001  -0.52159   0.11181   0.75382   0.14044   0.69193   0.17553   0.60195   0.11214   0.00000   0.00000   0.00000   0.00000            1210
ITEM13  TEST0001   1.26860   0.15272   1.33641   0.18595  -0.94926   0.12260   0.80066   0.11140   0.00000   0.00000   0.00000   0.00000            1310
ITEM14  TEST0001  -0.78367   0.13785   1.37665   0.19609   0.56926   0.09599   0.80907   0.11525   0.00000   0.00000   0.00000   0.00000            1410
ITEM15  TEST0001  -0.49009   0.11849   1.00568   0.15989   0.48732   0.12025   0.70911   0.11274   0.00000   0.00000   0.00000   0.00000            1510
ITEM16  TEST0001   0.92512   0.12044   0.83448   0.14126  -1.10862   0.20905   0.64071   0.10846   0.00000   0.00000   0.00000   0.00000            1610
ITEM17  TEST0001  -1.19951   0.14828   1.36594   0.20689   0.87816   0.12288   0.80688   0.12221   0.00000   0.00000   0.00000   0.00000            1710
ITEM18  TEST0001  -0.96286   0.13381   1.06429   0.16490   0.90469   0.14032   0.72878   0.11292   0.00000   0.00000   0.00000   0.00000            1810
ITEM19  TEST0001  -0.63790   0.13272   1.70044   0.23383   0.37514   0.08255   0.86199   0.11853   0.00000   0.00000   0.00000   0.00000            1910
ITEM20  TEST0001  -0.19119   0.11853   1.25732   0.16869   0.15206   0.09329   0.78264   0.10500   0.00000   0.00000   0.00000   0.00000            2010
ITEM21  TEST0001  -0.48588   0.11211   0.82898   0.14445   0.58611   0.15445   0.63821   0.11121   0.00000   0.00000   0.00000   0.00000            2110
ITEM22  TEST0001  -1.44431   0.13296   0.50201   0.14678   2.87707   0.80587   0.44865   0.13118   0.00000   0.00000   0.00000   0.00000            2210
ITEM23  TEST0001   0.15102   0.10733   0.75281   0.13647  -0.20061   0.14737   0.60143   0.10903   0.00000   0.00000   0.00000   0.00000            2310
ITEM24  TEST0001  -1.40527   0.13983   0.77112   0.16305   1.82236   0.34970   0.61065   0.12912   0.00000   0.00000   0.00000   0.00000            2410
ITEM25  TEST0001  -1.71420   0.14211   0.32935   0.14993   5.20481   2.31013   0.31282   0.14240   0.00000   0.00000   0.00000   0.00000            2510
ITEM26  TEST0001  -1.23566   0.14651   1.37754   0.18814   0.89701   0.11987   0.80925   0.11052   0.00000   0.00000   0.00000   0.00000            2610
ITEM27  TEST0001   0.58899   0.10745   0.44044   0.12021  -1.33728   0.41346   0.40307   0.11002   0.00000   0.00000   0.00000   0.00000            2710
ITEM28  TEST0001   0.84763   0.12210   0.84494   0.14751  -1.00319   0.18725   0.64540   0.11268   0.00000   0.00000   0.00000   0.00000            2810
ITEM29  TEST0001  -0.62056   0.11156   0.63871   0.13287   0.97158   0.23751   0.53828   0.11198   0.00000   0.00000   0.00000   0.00000            2910
ITEM30  TEST0001  -0.53973   0.10691   0.47317   0.11755   1.14066   0.34326   0.42771   0.10626   0.00000   0.00000   0.00000   0.00000            3010
