"Kaygi" "Korku" "Ozyet" "Ilgi" "Davranis" "Basari"
"1" 0.06 0.9139 -0.18 0.1775 0.811 4.7
"2" 2.55 0.3889 0.67 0.1775 2.3531 4.6
"3" -0.2 1.2219 -0.18 0.6584 0.2171 4.9
"4" 1.02 0.1524 -0.63 -0.2514 0.6426 4.3
"5" 0.79 -0.767 1.47 -0.045 2.7409 4.2
"6" 1.3 -0.3017 -1.06 -0.2514 0.6426 4.5
"7" -0.2 -0.3017 0.78 -1.5329 0.6426 4.7
"8" 0.79 0.9139 -0.77 -0.1091 0.6426 4.2
"9" -0.47 -0.3017 0.54 1.4006 1.8194 5
"10" -0.47 -0.3017 2.27 -0.2514 1.4702 5.6
"11" 0.06 -0.767 1.47 -0.2514 1.3516 4.8
"12" -1.3 -1.2999 0.15 1.4565 0.6426 5
"13" 0.56 -0.3017 -0.33 -1.5329 0.2171 4.6
"14" -0.2 -0.767 0.54 1.4565 0.6426 4.3
"15" -0.2 -1.2999 0.54 -1.5329 1.3516 4.3
"16" -0.47 -0.767 -0.02 1.4565 0.2171 4.8
"17" -0.47 -0.076 0.15 -0.2514 1.2288 4.2
"18" -0.47 -0.53 -0.63 0.1775 0.6426 5.1
"19" -0.47 -0.3017 -0.18 -0.2514 0.9618 4.3
"20" 0.32 0.9139 -0.18 0.6584 0.9618 4.7
"21" -0.2 0.9139 0.15 1.4565 0.4486 5.6
"22" -0.47 -0.767 0.78 1.4565 1.7024 4.6
"23" 1.02 0.3889 -0.33 0.1775 1.4702 4.1
"24" -1 -1.0202 -0.48 1.4565 0.9618 4.5
"25" 1.53 2.0328 -0.02 -1.5329 1.2288 3.5
"26" -0.2 0.3889 -0.02 0.0421 -0.0721 3.6
"27" 0.06 -1.6239 2.27 1.4565 4.4249 4.4
"28" -0.47 -1.0202 -0.33 -0.2514 -0.0721 3.8
"29" 1.02 3.9067 -0.02 -0.2514 -2.1402 3.6
"30" 0.06 0.64 0.54 0.6584 -0.4567 4.7
"31" 1.53 0.64 -3.75 0.1775 0.778 3.3
"32" 0.06 -1.0202 -0.18 0.6584 1.3516 4.3
"33" -0.2 -2.0269 0.78 1.4565 0.6426 3.6
"34" 1.26 0.1524 -0.48 -1.5329 0.811 4.3
"35" 1.53 0.3889 0.34 1.4565 0.9618 3.9
"36" -0.47 -1.2999 -0.33 0.1775 1.3516 4.6
"37" 1.53 1.5828 0.78 0.9484 2.0662 4.2
"38" 0.06 0.64 0.54 1.4565 0.811 4.8
"39" 0.06 0.1524 2.27 0.6584 1.4702 3.8
"40" 0.32 0.3889 -0.48 0.6584 0.6426 4
"41" 0.56 0.9139 0.34 -0.2514 -0.0721 5.2
"42" -0.2 0.1524 -0.92 1.4565 1.0998 3.3
"43" 0.06 -0.53 -0.02 -0.2514 0.4486 4.4
"44" 0.06 0.1524 -2.96 -1.5329 0.4486 3.8
"45" -0.47 0.64 0.15 -1.5329 0.6426 4.7
"46" -2.37 -1.2999 -0.02 1.4565 1.2288 4
"47" -2.37 1.5828 -3.75 1.2691 -0.0721 5
"48" 2.55 3.9067 -1.06 1.4565 -0.0721 4
"49" 1.02 -0.3017 0.78 1.4565 1.4702 4.3
"50" -0.47 3.9067 -1.86 -0.2514 1.2288 3.6
"51" 0.32 0.1524 -0.33 1.4565 0.9618 4.6
"52" 1.89 1.2798 0.54 -1.0033 2.2022 4.2
"53" 0.32 0.9139 0.78 -0.2514 3.0247 4
"54" 1.02 1.5828 0.34 0.9794 2.7409 4.1
"55" -0.47 0.64 -1.36 0.0462 1.9398 3.8
"56" 0.56 0.64 -0.18 0.1775 1.9398 3.9
"57" -2.37 -3.7666 -3.75 1.4565 -2.1402 4.4
"58" 1.02 0.64 -0.63 -1.334 1.5866 3.6
"59" -2.37 0.1524 -3.75 -1.5329 2.0662 2.9
"60" -1.3 0.1524 0.34 -0.2514 1.4702 4.8
"61" 0.06 0.2236 -0.54 0.6088 0.6426 4
"62" 1.26 0.9139 -0.18 -1.5329 0.4486 3.2
"63" 1.26 0.9139 -0.33 0.4296 0.811 4.3
"64" 2.55 0.9139 0.15 -1.5329 0.6426 5
"65" -0.2 -1.2999 1.07 -0.2514 1.3516 4.5
"66" -0.2 -0.767 -0.48 -1.5329 -2.1402 4.2
"67" -0.47 -1.0202 -0.33 0.6584 0.2171 4.5
"68" 0.06 0.3889 0.78 1.4565 -0.0721 4.8
"69" 0.79 0.64 -0.48 -0.7332 0.811 3.9
"70" 0.56 0.1524 -0.92 -1.5329 0.4486 4.3
"71" 1.02 0.9139 -1.06 -0.2514 -0.0721 3.9
"72" 0.79 2.6645 -0.18 -0.7332 0.4486 4.2
"73" 0.06 -0.3017 -0.48 1.4565 -0.4567 4.5
"74" 2.55 1.5828 -1.68 -1.5329 -2.1402 3.7
"75" -2.37 -1.2999 0.54 1.4565 0.811 4.8
"76" 0.32 1.5828 -0.63 -0.2514 1.4702 3.8
"77" 0.06 0.1524 -0.77 1.4565 1.3516 3.4
"78" -0.2 -1.0202 -0.02 -0.2514 0.4486 3.7
"79" 1 0.9139 -1.51 0.1775 -0.4567 3.8
"80" 2.55 3.9067 0.78 1.4565 4.4249 3.9
"81" 1.26 3.9067 0.78 -1.3074 0.2171 3.6
"82" -1.68 -0.076 0.54 1.4565 0.811 4.9
"83" 0.56 -0.3017 -1.06 1.4565 1.1421 3.5
"84" 0.32 0.9139 -1.51 1.4565 -2.1402 3.6
"85" -0.47 -0.767 -0.92 -1.5329 -0.0721 4.1
"86" 0.32 0.1524 -0.92 -0.2514 0.4486 3.2
"87" 0.56 1.2219 -0.02 -1.5329 1.5866 3.4
"88" 1.26 0.9139 -0.02 1.4565 1.0998 4.4
"89" -0.73 -0.076 0.15 1.4565 0.811 3.9
"90" 0.32 1.2219 -0.33 -0.2514 -0.4567 4.9
"91" 0.06 0.1524 -0.92 -1.5329 -1.0226 3.7
"92" 0.79 2.0328 -0.18 -1.5329 -0.4567 3.8
"93" 1.26 0.64 -0.77 -1.5329 0.6426 3.1
"94" -0.2 -0.076 0.34 1.4565 0.811 5.4
"95" -0.47 -0.3017 -0.48 1.4565 -0.4567 4.2
"96" -0.73 -1.6239 0.34 1.4565 0.4486 4
"97" 1.89 0.1524 -0.77 -1.5329 -0.0721 4.7
"98" -0.73 -0.076 0.78 -0.2514 1.7024 4.2
"99" 0.79 2.6645 -0.18 -1.5329 -1.0226 3.4
"100" 1.53 0.64 -0.18 0.1775 4.4249 3.4
"101" 0.32 -0.4364 -0.63 -1.334 -0.0721 3.5
"102" 1.02 0.1524 -0.77 -1.5329 1.3516 3.8
"103" 1.02 1.5828 -0.02 -0.2514 2.2022 3
"104" 1.02 0.64 0.15 -1.5329 0.811 4
"105" 1.26 1.2219 0.54 0.1775 2.5276 3.6
"106" 0.79 0.3889 -0.63 -0.2514 1.4702 3.1
"107" -1 2.0328 -0.48 0.6584 -2.1402 2.8
"108" -0.73 0.3889 1.07 0.6584 1.5866 4.7
"109" 0.79 0.3889 0.54 0.6584 -0.4567 3.2
"110" 1.53 0.1524 -1.36 1.4565 0.811 3
"111" -0.73 -0.53 0.54 0.9484 0.811 4
"112" 0.32 -0.767 -3.75 1.4565 0.9618 3.4
"113" -2.37 -2.4443 -1.86 -0.3463 -0.6141 3
"114" 0.06 0.3889 -1.51 -1.5329 -0.0721 4.5
"115" 0.32 1.5828 -0.63 0.1775 2.0662 3.2
"116" 0.79 0.64 -0.48 1.4565 1.7024 3
"117" 0.06 -0.076 -0.48 0.6584 0.6426 4.4
"118" -0.47 -2.5995 0.54 1.4565 2.0662 4.2
"119" -0.47 0.3889 -0.63 -1.4365 0.811 4.5
"120" 0.79 -0.53 -0.48 0.1775 1.9398 3.3
"121" 1.02 2.6645 -0.48 1.4565 1.0998 4.4
"122" 0.06 -0.076 -0.33 0.1775 0.6426 4.7
"123" 2.42 2.6645 -0.02 1.4565 1.3516 3.6
"124" 0.32 0.64 0.15 0.1775 0.6426 4.3
"125" 2.55 1.5828 -1.51 -1.3697 0.4486 3.6
"126" 1.26 0.9139 0.78 1.4565 1.9398 5.3
"127" -0.47 1.2219 -1.86 -1.4741 -2.1402 4.7
"128" 0.56 1.2219 -0.02 0.1775 0.6426 4
"129" 0.32 1.5828 -0.18 -1.5329 1.5866 3.8
"130" 0.79 -0.076 -0.48 1.4565 1.5256 4.6
"131" 0.32 0.9139 -0.33 0.1775 0.2171 3.7
"132" -0.73 -0.076 1.07 1.4565 1.5866 3.9
"133" 1.53 0.64 1.47 0.1775 0.811 3.3
"134" 0.32 0.1524 0.54 -0.7332 0.811 3
"135" 1.02 1.5828 -0.18 -1.5329 1.0998 3.2
"136" 0.56 0.64 -0.77 0.1775 0.4486 3.7
"137" 0.06 0.3889 -0.63 -1.5329 1.0998 3.4
"138" 0.32 -0.3017 -0.48 0.5041 0.811 3.4
"139" 0.06 -0.076 -0.77 0.6584 2.2022 3.3
"140" 1.26 2.6645 -1.21 -1.5329 0.2171 3
"141" 0.06 -0.53 -0.92 -0.1091 -0.0721 3.9
"142" 2.55 3.9067 0.34 0.5739 0.9618 3.7
"143" 0.79 0.64 -0.63 -1.5329 -1.0226 4
"144" 1.53 3.9067 2.27 1.0873 0.6426 4
"145" 0.32 -0.076 -0.77 -0.2514 0.2171 3.8
"146" 0.56 0.64 -0.48 -0.7332 0.6426 4.5
"147" -0.2 0.3889 -0.02 1.4565 0.9618 3.2
"148" -0.47 -0.3017 1.07 1.4565 1.7024 4.3
"149" 0.32 0.1524 -0.63 -0.2514 1.2288 3.9
"150" 0.79 0.64 -1.36 1.4565 -2.1402 4.5
"151" -0.73 -0.53 -0.92 0.6584 -1.0226 3.5
"152" 0.56 -0.53 -1.21 -0.2514 -0.0721 3.7
"153" 2.55 -0.076 0.15 -1.5329 0.6426 3.6
"154" 0.79 0.3889 -0.02 -1.5329 0.2171 3.7
"155" 1.53 1.2219 -0.48 -1.5329 -0.0721 3.7
"156" 2.55 2.0328 -0.77 -1.5329 -0.4567 3.7
"157" -0.47 0.64 0.15 0.1775 0.4486 4.4
"158" 0.79 -0.3583 -0.63 -0.7332 0.4486 3.1
"159" 2.55 2.6645 -1.68 -0.2514 -0.0721 3.9
"160" -0.2 -0.767 -0.48 0.1775 -0.0721 3.8
"161" -0.47 -0.53 -0.02 0.1775 1.2288 3.8
"162" 1.53 0.3889 -0.48 0.6584 0.4486 3.7
"163" 0.32 0.1524 -0.63 -1.5329 -2.1402 4.8
"164" -0.47 1.2219 2.27 0.1775 0.6426 4.7
"165" 0.56 2.6645 0.54 0.1775 1.5866 4.7
"166" 0.32 -0.076 -0.33 -0.7332 -0.0721 4.5
"167" 0.79 0.9139 -0.48 0.6584 -0.0721 4.3
"168" 1.89 3.9067 1.47 1.4565 1.5866 4.6
"169" 2.55 0.1524 -1.06 0.1775 0.4486 4.5
"170" 0.56 2.0328 0.54 -0.2514 -1.0226 5.5
"171" 0.32 0.3889 0.15 1.4565 0.6426 4.2
"172" 0.32 0.1524 -0.67 -1.5329 -1.0226 4.1
"173" 0.56 -0.3017 -0.18 -0.1091 1.2288 4.9
"174" -1 -1.2999 2.27 -0.2514 0.4486 4.6
"175" -1 -0.3017 0.34 -0.2514 1.4702 4.2
"176" 0.56 0.9139 -0.77 -0.2514 1.0998 4.2
"177" 0.79 -0.076 -0.63 0.1775 0.2171 4.4
"178" 1.89 2.0328 0.54 0.9484 -0.4567 4.1
"179" 0.79 0.1524 -0.18 -0.2514 0.4486 3.8
"180" 1.02 -0.767 -0.48 1.4565 -0.4567 3.4
"181" -0.47 0.1524 0.15 -0.2514 0.4486 5
"182" 0.79 1.5828 -0.77 -0.7332 -0.0721 4.6
"183" 0.56 0.1524 -0.63 0.6088 -2.1402 4.8
"184" -2.37 -1.2999 0.78 1.4565 0.4486 4.5
"185" -0.2 -0.3017 -0.18 1.4565 0.6426 3.5
"186" 2.55 0.9139 -0.77 0.1775 0.6426 3.9
"187" 0.06 0.3889 -1.06 1.4565 -0.4567 3.5
"188" 1.26 1.2219 -0.48 -0.4887 1.2288 4.2
"189" 0.79 0.9139 -0.77 0.6088 -0.0721 5
"190" -0.2 -0.53 -0.33 1.4565 0.2171 4.8
"191" 1.53 0.64 -0.18 -0.2514 0.4486 4.2
"192" 0.06 -0.076 -0.48 -0.7332 -0.0721 4.4
"193" -0.47 0.3889 -0.48 1.4565 0.4486 4.7
"194" -0.2 -0.767 -0.77 1.4565 -0.0721 3.6
"195" 0.06 0.64 -0.18 1.4565 1.9398 4.5
"196" 0.56 -1.0202 1.07 1.4565 2.0662 4.7
"197" 0.32 0.9139 -0.48 -0.2514 1.0998 4.2
"198" -0.2 -1.2999 -0.63 1.2841 0.2171 4.7
"199" 1.53 2.0328 -0.02 -1.5329 0.4486 3.2
"200" -0.73 0.64 -0.18 -0.7332 0.6185 3.7
"201" -0.47 -0.767 0.78 -0.2514 0.9618 3.9
"202" 0.06 0.64 -0.63 0.3941 -0.4567 4.2
"203" 0.79 0.64 -0.48 -0.2514 0.4486 3
"204" -0.73 -0.53 -1.21 -1.5329 -1.0226 3.2
"205" 0.56 -0.076 -0.77 -0.2514 0.9618 3.5
"206" -0.2 0.3889 -0.02 -0.7332 0.4486 3.7
"207" 0.32 0.9139 -0.33 1.4565 0.2171 4.8
"208" -0.73 -0.53 2.27 -0.2514 0.811 5.8
"209" 0.06 -0.076 0.15 1.4565 1.3516 4.7
"210" 1.02 -0.3017 -0.33 1.4565 0.4486 4.6
"211" 0.79 -0.076 0.34 0.4296 0.6426 5
"212" -1 -1.2999 -0.02 1.4565 0.811 4.3
"213" 0.06 -1.0202 0.78 -0.7332 0.6426 4.8
"214" -0.2 0.3889 -0.02 1.1091 0.2171 4.2
"215" -0.47 -2.0269 1.07 1.4565 2.7409 5.1
"216" -1.68 -1.0202 0.34 1.4565 1.8194 4.9
"217" 1.02 1.2219 0.54 0.6584 1.3516 5.3
"218" 1.26 0.64 -1.36 0.6584 0.2171 3.2
"219" -0.73 -1.2999 -0.18 0.6584 -0.0721 4.1
"220" 0.56 1.2219 -0.18 1.2691 0.2171 4.4
"221" 0.06 0.64 -0.18 -0.2514 0.811 4.2
"222" 0.06 -0.3017 -0.63 -0.4946 -0.0721 3.2
"223" 0.06 0.1524 -0.63 1.4565 0.2171 3.7
"224" 0.56 0.1524 -0.33 0.1775 1.4702 3.7
"225" 0.56 1.8926 -0.33 -1.5329 0.403 3.8
"226" -0.2 0.64 0.34 1.4565 1.0998 4.3
"227" 2.55 1.2219 1.47 -0.2514 1.8194 3.8
"228" 0.06 -0.53 -0.18 -0.2514 0.811 5.5
"229" 0.32 0.1524 0.34 -1.3074 -0.0721 5.2
"230" 1.26 0.3889 -0.18 -0.2514 0.811 5.2
"231" -1 -2.0269 -0.02 1.4565 0.6426 5
"232" 0.32 0.3889 -0.02 -1.5329 -0.4567 4.5
"233" -0.47 -1.2999 0.54 -0.2514 -0.0721 5.8
"234" 0.32 0.64 -0.48 -1.3074 0.2171 5.2
"235" -1 0.3889 2.27 1.4565 0.6426 4.8
"236" 1.89 1.2219 0.34 0.6584 0.2171 5.3
"237" 0.56 1.2219 -0.18 -0.2514 0.4486 5.7
"238" 1.02 1.2219 -0.48 -0.7332 0.4486 4.8
"239" -0.47 -0.076 2.27 1.1696 1.9398 3.7
"240" 0.06 -2.5995 2.27 1.3469 -0.0721 4.4
"241" 0.11 0.3889 -0.33 -0.2514 1.4702 4.5
"242" 2.55 1.5828 -0.63 0.0758 -0.0721 3.4
"243" -2.37 -3.7666 2.27 1.4565 2.7409 4.4
"244" 0.32 -0.767 -0.67 0.6584 0.2171 4
"245" 0.79 0.64 -0.18 -0.2514 1.4702 4
"246" 0.79 2.0328 0.15 0.6584 1.8317 3.4
"247" 1.02 0.3889 -0.48 0.1775 -0.4567 5
"248" 0.06 -1.2999 2.27 1.4565 -0.0721 6.1
"249" 0.56 0.3889 -0.33 1.4565 -0.0721 5.2
"250" 0.32 -0.3017 -0.48 1.4565 0.6426 5
"251" 0.06 -1.0202 0.34 -0.2514 0.3809 5.2
"252" 0.79 0.1524 0.34 1.4565 -0.0721 4.1
"253" 1.26 2.0328 0.15 -1.3074 -0.0721 5.2
"254" 1.53 0.64 -0.18 -0.3495 -1.0226 5.3
"255" 0.56 -0.53 -0.77 0.6088 -1.0226 4.9
"256" -2.37 -1.6239 2.27 1.4565 1.7024 5.6
"257" 1.53 2.0328 -0.77 -0.3495 0.4486 4.9
"258" 0.79 -0.3017 -0.63 -0.2514 0.811 4.4
"259" 0.79 0.3889 -1.21 -0.2514 0.2171 4.8
"260" 2.55 1.5828 -0.18 -1.5329 -0.4567 4.2
"261" 0.56 -0.3017 -1.36 0.1775 1.1421 3.7
"262" -1.3 0.64 0.34 0.6584 1.3516 4.8
"263" 2.55 0.1524 -0.18 0.1775 0.2171 5.3
"264" -0.2 0.1524 -1.36 0.1775 -0.4567 3.9
"265" 0.79 0.9139 0.78 1.4565 0.4486 3.6
"266" -0.47 -0.6293 -0.02 0.6584 0.811 4.5
"267" 0.32 -0.53 0.15 0.6584 1.3516 4.1
"268" 1.02 -0.3017 -0.77 0.1775 -0.0721 3.5
"269" -1.3 -1.6239 2.27 0.1775 0.6426 5
"270" -0.47 -3.7666 2.27 -0.2514 4.4249 4.4
"271" -0.47 -0.767 0.34 1.4565 1.5866 4.2
"272" -0.47 0.3889 0.15 1.4565 0.6426 4.5
"273" -0.47 -1.2999 -0.33 1.4565 0.6426 4.4
"274" 0.79 0.3889 -0.48 -0.1829 1.2288 4.2
"275" 0.56 0.1524 -1.21 -1.5329 -0.0721 3
"276" 0.79 0.1524 -0.48 0.1775 -0.4567 4.5
"277" -1 0.3889 0.78 -0.2514 0.6426 4.5
"278" 2.55 -0.076 0.15 -1.5329 0.6426 3.7
"279" 0.06 -0.3017 0.15 -0.7332 0.6426 5
"280" 0.32 0.9139 -0.63 0.1775 0.4486 4.4
"281" 0.56 1.2219 -0.48 -0.2514 1.0998 4.4
"282" 1.89 0.64 -0.18 0.1775 -0.0721 4
"283" 1.89 0.9139 0.34 0.1775 0.6426 4.2
"284" 0.56 0.1524 -0.18 -1.5329 -0.0721 3.5
"285" 0.06 -0.076 -0.63 -1.3074 0.9618 4.2
"286" 0.79 -0.076 -0.33 -0.7332 0.6426 4.6
"287" 0.32 0.64 0.54 0.9794 0.2171 4.8
"288" -0.47 -0.076 -1.21 -0.2514 1.6394 4.5
"289" -0.47 0.3889 -1.06 -0.2514 1.3516 4.4
"290" 0.79 -0.3017 -1.06 -1.5329 0.9618 4
"291" -1.68 1.2219 -1.36 -1.5329 -0.0721 4.5
"292" 0.06 0.3889 -0.33 -1.5329 -1.0226 4.1
"293" 0.32 2.0328 0.34 -1.5329 0.4486 4.2
"294" 0.43 0.3889 -0.18 -1.5329 1.2288 4.6
"295" 1.26 1.2219 1.47 0.1775 1.9398 3.8
"296" 1.53 0.1524 0.34 0.6584 2.5276 4.3
"297" 0.56 0.9139 -0.33 0.1775 0.9618 5.3
"298" 1.89 0.64 -0.48 -1.3074 -0.4567 3.4
"299" 1.89 1.2219 0.78 -1.5329 2.3531 4
"300" 2.55 3.9067 2.27 1.4565 4.4249 4.6
"301" 0.79 0.1524 -0.02 -1.5329 1.4702 4.3
"302" -0.47 -0.767 -0.77 -0.2514 0.811 3.6
"303" 0.56 0.9139 -0.18 1.4565 1.2288 5.2
"304" 2.55 3.9067 1.07 0.6584 4.4249 5
"305" 1.02 1.5828 0.54 1.1696 2.7409 4.3
"306" 0.32 -0.3017 -2.96 -0.2514 -1.0226 3.1
"307" 1.26 1.2219 0.54 0.1775 2.7409 4.1
"308" 1.26 0.64 -0.77 -0.2514 0.6426 4.6
"309" 0.06 0.3889 -0.48 0.6584 0.4486 4.5
"310" 0.06 0.64 0.54 1.4006 0.9618 5.5
"311" 0.79 1.5828 -0.18 0.1775 0.9618 4
"312" 0.79 0.3889 -0.02 -0.7332 1.4702 3.7
"313" 0.56 0.64 -0.33 0.6584 0.2171 4.2
"314" -1.68 -0.53 0.78 -0.2514 1.0998 4
"315" 0.79 1.5828 -0.77 -0.2514 0.6426 3.6
"316" 0.32 0.3889 -0.48 -1.5329 0.9618 3.5
"317" 1.02 0.3889 0.15 1.4565 0.6426 5.2
"318" 1.02 0.64 -0.77 -1.5329 -2.1402 3.5
"319" -1 -0.3017 1.07 1.4565 1.3516 5.5
"320" 0.06 -0.53 -0.33 0.1775 0.6426 4.7
"321" -2.37 -2.0269 1.07 1.4565 1.3516 3.8
"322" 1.02 0.64 -0.63 0.6584 1.9398 4.6
"323" 0.32 0.9139 -0.18 1.4565 -1.0226 4.4
"324" 0.32 -0.076 -1.21 -0.2514 -1.0226 3.5
"325" 1.26 -0.53 -1.21 -1.5329 0.6426 4.6
"326" 0.06 -0.076 1.47 1.4565 1.5866 4.8
"327" 1.26 0.64 -0.02 0.1775 1.8194 4.4
"328" -0.2 -0.53 0.34 0.6584 0.4486 5.4
"329" 0.32 0.1524 -0.18 -1.5329 0.4486 4
"330" 0.32 1.5828 -0.48 -0.2514 1.5866 4.1
"331" 1.02 1.2219 -1.04 0.6584 1.2288 3.7
"332" -0.2 1.2219 0.15 0.6584 1.9254 3.9
"333" -2.37 -0.076 2.27 0.1775 1.9398 4
"334" -2.37 -2.0269 0.78 0.6584 1.4702 3.9
"335" 1.02 -0.076 -0.77 -0.2514 0.2171 3.8
"336" 0.56 0.64 -0.48 0.1775 0.6426 4.1
"337" 1.26 -0.3017 -1.06 1.4565 0.811 4
"338" -0.2 0.9139 1.07 1.4565 1.3516 3.7
"339" 0.56 0.3889 -0.18 -1.5329 0.6426 3.8
"340" -0.47 -0.767 -0.63 -1.5329 0.6426 3.8
"341" -0.47 -0.53 -0.77 0.1775 0.9618 3.9
"342" 0.79 1.5828 -2.05 1.4565 -1.0226 3
"343" -0.47 -0.3017 0.15 1.4565 2.5276 4.2
"344" 0.32 0.1524 -0.63 -1.5329 -0.0721 3.8
"345" 0.06 1.5828 -2.05 -1.5329 -0.0721 3.5
"346" 1.02 0.64 -0.18 -1.5329 1.5866 4
"347" 0.56 0.3889 -0.92 -0.2514 -1.0226 3.9
"348" 0.32 -0.53 -1.06 1.4565 0.6426 4.1
"349" -0.2 -0.53 -0.18 -0.2514 -0.0721 6
"350" -0.2 0.64 -0.18 -0.7332 1.0998 5.9
"351" 1.26 1.5828 -0.42 -0.7332 1.0998 5.6
"352" 1.02 1.2219 -0.02 -0.2514 0.2171 6
"353" -0.73 -0.53 2.27 -1.5329 1.3516 6.3
"354" -0.2 -1.0202 0.34 0.6584 1.0998 5.8
"355" -0.47 -0.53 0.15 -0.2514 0.6426 5.6
"356" -0.47 -0.767 0.15 1.4565 -0.0721 6.6
"357" -0.73 -0.3017 1.07 0.0758 0.2171 5.7
"358" -0.2 -0.53 0.54 1.4565 1.2288 6.1
"359" -2.37 1.5828 1.47 -0.7332 0.811 6.8
"360" 1.53 1.5828 -0.92 -1.3074 -0.0721 4.2
"361" -0.21 -0.3017 -0.77 0.6584 1.0998 4.4
"362" 0.06 0.64 -0.77 0.1775 1.0998 3.6
"363" 1.89 0.9139 0.34 -0.2514 -0.0721 3.8
"364" 1.53 -0.076 -0.63 0.6584 0.4486 3.9
"365" 1.02 0.1524 -0.18 1.4565 0.4486 2.6
"366" -0.47 1.5828 -0.18 0.6584 1.5032 4.8
"367" -1 -1.2999 -0.18 1.4565 -1.0226 4.9
"368" 1.89 2.6645 -0.33 -1.5329 -0.0721 3.8
"369" 0.79 -0.076 -0.92 -0.7332 0.811 3.3
"370" 0.56 0.1524 -0.92 -0.2514 0.4486 3.7
"371" 0.32 -0.53 -0.18 0.1775 -0.4567 4.5
"372" -2.37 -0.3017 2.27 -0.2514 0.811 5.8
"373" 0.79 0.9139 -0.33 0.6584 0.2171 4
"374" -0.2 0.1524 -1.06 0.1775 1.5866 5.2
"375" 0.79 -0.53 -0.33 1.4565 -2.1402 4.5
"376" 0.32 0.1524 -0.18 0.6584 -0.0721 4.9
"377" 0.56 1.2219 -0.77 -0.7332 0.6426 5.1
"378" -0.2 0.64 0.78 1.4565 1.4702 5.9
"379" -1.3 -0.767 0.34 1.4565 2.5276 5.7
"380" 0.56 0.9139 -0.02 -0.7332 -0.0721 4.9
"381" -0.2 0.3889 -0.48 0.1775 1.2288 4.1
"382" 0.56 0.64 0.34 -0.2514 0.9618 4.8
"383" 1.02 0.1524 -0.77 -0.2514 1.2288 4.5
"384" 1.26 -0.767 -1.06 1.4565 -0.0721 3.8
"385" 0.11 -0.3017 0.78 1.4565 2.2022 5.1
"386" 1.02 -1.2999 -0.63 1.2691 0.4486 3.7
"387" 2.55 2.6645 0.21 -1.5329 1.2288 3.8
"388" -0.47 -0.076 0.15 -0.2514 1.5866 5.1
"389" 0.56 0.1524 -0.77 1.4565 0.811 4
"390" -1.3 -0.3017 1.07 1.4565 2.2022 4.9
"391" -0.47 -2.0269 1.07 1.4565 3.4609 4.7
"392" 1.26 0.3889 0.54 1.4565 1.2288 4.2
"393" 0.56 -0.076 -0.33 1.4565 0.9618 3.9
"394" 1.02 0.3889 0.21 -0.2514 0.4486 3.8
"395" 0.43 -0.3017 -0.33 -1.5329 1.2288 3.6
"396" 0.79 2.6645 -0.33 -0.7332 3.4609 3.3
"397" 0.56 1.2219 -0.92 -0.2514 1.4702 4
"398" 0.06 -0.53 -0.63 -0.2514 0.2171 4.1
"399" 1.02 1.2219 -1.06 -1.5329 1.3516 4.1
"400" 0.56 -0.53 -0.63 0.6584 0.4486 3.8
"401" 1.02 0.3889 -0.77 -0.2514 1.1085 4.5
"402" 0.56 -0.767 -0.67 -1.5329 -1.0226 4
"403" 0.06 0.1524 0.34 -0.7332 -2.1402 4
"404" -0.47 -0.767 -0.18 -1.5329 0.2171 3.7
"405" 2.55 0.9139 -0.48 -1.5329 -0.0721 4.3
"406" 1.89 3.9067 -0.33 1.4565 1.0998 4.2
"407" 0.79 0.1524 -0.77 -1.5329 0.2171 4.5
"408" 0.06 -0.3017 -0.48 -0.2514 0.2171 3.8
"409" 0.32 0.64 -0.63 0.6584 1.4702 3.8
"410" 0.56 1.2219 -1.21 0.1775 0.9516 3.2
"411" 0.56 -0.076 1.47 1.4565 0.6426 5.5
"412" 0.79 0.64 -0.33 1.4565 -0.4567 5.1
"413" 1.26 -0.076 -1.86 -1.5329 -2.1402 3.8
"414" 0.32 -1.6239 -0.48 1.4565 0.2171 4.7
"415" 0.32 -0.3017 0.15 0.9484 -0.0721 4.2
"416" 0.79 1.2219 -0.92 0.6584 -0.0721 4.5
"417" 2.55 0.1524 -0.77 1.4565 -2.1402 4.1
"418" 1.89 0.9139 -0.18 0.4296 0.4486 4.8
"419" 0.79 -0.3017 -0.18 1.4565 0.9618 4.4
"420" -0.47 0.3889 0.34 1.4565 1.4702 5.1
"421" -2.37 -2.0269 0.15 -0.2514 0.4486 4.2
"422" 1.26 2.0328 -1.51 0.9484 -2.1402 4.3
"423" 1.53 -1.2999 0.78 -1.4788 0.2438 3.6
"424" 0.79 -0.3017 -1.06 -0.2514 1.2288 3.3
"425" 1.89 -0.076 0.15 0.1775 2.2022 4.8
"426" -0.73 -1.6239 0.15 0.1775 1.0998 4.8
"427" -1.68 -3.7666 -0.63 -1.5329 0.4486 3.7
"428" 0.56 -0.076 2.27 -0.7332 1.7024 3.6
"429" -2.37 0.1524 1.47 1.4565 1.2288 4.8
"430" -0.47 -1.2999 -0.18 1.4565 0.4486 3.7
"431" 0.56 -1.0202 0.54 1.4565 0.6426 3
"432" 0.79 -0.3017 -0.18 -0.2514 1.7024 3
"433" 2.55 3.9067 2.27 1.4565 4.4249 3.8
"434" 1.26 1.5828 0.78 0.1775 2.5276 4.2
"435" 2.55 1.5828 -0.33 -0.7332 0.6426 3.4
"436" -1.3 -0.53 0.34 0.9794 1.4702 4.3
"437" 1.02 -0.53 -0.63 -1.5329 0.6426 3.8
"438" 1.02 1.2219 1.47 0.6584 -0.0721 3.7
"439" 1.53 0.9139 -0.02 1.4565 -0.0721 3.6
"440" 0.79 -0.3017 -0.48 -1.5329 1.3516 3.3
"441" 0.06 -0.53 -0.48 1.4565 0.2171 3.8
"442" 2.55 -0.3017 -0.77 -1.5329 -1.0226 4
"443" 1.26 0.64 0.15 -0.2514 -0.0721 4.1
"444" -0.47 -0.076 -0.18 1.4565 1.4702 5.9
"445" 0.56 0.3889 2.27 0.1775 1.0998 6.2
"446" -0.73 -0.076 0.78 -0.2514 1.0998 5.8
"447" 0.79 -0.3017 0.78 1.4565 -2.1402 5.6
"448" -0.2 0.1524 -0.18 -0.2514 -0.0721 6.4
"449" -1.3 -0.53 0.78 1.4565 -0.0721 5.9
"450" -0.73 -0.767 0.54 -0.2514 0.811 6.1
"451" 0.06 -0.3017 1.07 -0.2514 0.811 6.2
"452" -0.2 -0.1735 0.78 1.4565 1.0998 6.5
"453" 2.55 0.9139 0.54 -1.3074 -0.4567 5.5
"454" -0.2 0.64 1.07 1.4565 1.0998 6.3
"455" 0.79 1.5828 -0.77 0.1775 0.811 3.9
"456" 0.56 0.3889 -0.63 1.4565 -0.4567 4.2
"457" 0.32 0.64 -0.18 0.1775 0.6426 3.8
"458" 0.32 0.3889 0.54 1.4565 0.811 4.3
"459" 1.53 0.1524 0.34 0.6584 1.2288 3.8
"460" 0.56 0.1524 -0.77 -0.2514 -1.0226 4.1
"461" 1.53 -0.076 0.54 1.4565 1.4702 4.6
"462" 0.32 -0.076 -0.7 -1.3753 0.4486 3.6
"463" -0.2 -1.2999 -0.63 0.1775 -0.0721 5
"464" 1.02 0.1524 -0.77 -1.3074 -0.0721 5.1
"465" -1 0.9139 -0.18 1.4565 1.0998 4.7
"466" 0.32 0.1524 -0.02 0.6584 0.811 4.3
"467" -0.2 -0.076 -0.02 0.6584 0.811 5
"468" -0.47 -0.767 0.15 -0.7332 0.9618 3.9
"469" -0.2 0.64 -0.48 1.4565 0.2171 4.6
"470" 0.79 0.9139 -0.77 -1.5329 0.811 3.9
"471" -0.73 0.9139 -0.33 0.1775 1.5866 4.5
"472" 0.32 -1.6239 -0.63 1.2691 0.4486 4.5
"473" -0.47 1.2219 0.34 0.6584 0.9618 4.7
"474" 0.06 -0.767 -0.33 1.4565 0.9618 2.9
"475" 0.79 1.2219 -1.21 -1.5329 0.6426 3.8
"476" 0.56 -0.076 -0.33 1.4565 0.6426 4.3
"477" 0.32 -0.53 -0.18 0.1775 0.4486 5.1
"478" -0.47 0.64 -0.02 -1.5329 0.9618 5.1
"479" 0.06 1.2219 -0.92 -1.5329 -1.0226 5.1
"480" -0.73 0.1524 0.34 0.6584 0.4486 4.4
"481" 1.02 2.0328 1.47 -0.7332 2.2022 3.8
"482" 0.79 0.1524 0.34 1.4565 -0.0721 4.7
"483" -0.2 -0.767 -0.02 -0.2514 -0.0721 4.9
"484" -1.68 0.1524 0.34 1.4565 1.0998 4
"485" 1.26 0.64 -1.21 -0.7332 -1.0226 4.7
"486" 0.79 0.64 -0.18 -1.5329 1.2288 5.1
"487" 1.26 0.3889 -2.57 -1.5329 -2.1402 4.8
"488" 0.32 2.0328 -1.36 -0.2514 0.6426 4.2
"489" 0.06 -0.3017 2.27 1.4565 1.4702 4.7
"490" -1 0.3889 1.07 0.1775 0.4486 6.1
"491" -0.2 0.64 -0.92 -1.5329 -0.4567 5
"492" 1.53 -0.3017 -1.21 -1.5329 -0.4567 5
"493" -0.47 -1.2999 1.47 1.4565 0.4486 6.2
"494" -0.53 1.5828 -0.02 1.4565 0.9618 5.1
"495" 2.55 2.0328 1.07 0.1775 -2.1402 5.5
"496" -0.2 -0.53 2.27 0.6584 0.6426 5.8
"497" -0.47 0.1524 -0.02 1.4565 1.2288 6.3
"498" 0.32 -2.0269 -0.18 -0.2514 0.811 5.8
"499" 2.55 0.64 -0.48 0.1775 0.2171 5.3
"500" -0.73 -1.0202 0.15 -0.2514 1.0998 5.9
"501" -1 0.3889 1.47 -0.2514 0.6426 5.4
"502" 0.56 -2.0269 1.07 1.4565 0.6426 5.2
"503" 0.79 1.2219 0.34 -0.2514 2.0662 6.1
"504" 0.06 0.9139 -0.18 0.1775 0.9618 3.7
"505" 0.56 1.5828 0.54 -1.5329 0.2171 4.2
"506" 1.02 1.2219 -0.77 -1.3697 1.0998 3.7
"507" 0.06 -0.076 -1.06 0.5739 1.3516 3.6
"508" 0.56 0.3889 -0.33 1.4565 2.0662 3.5
"509" 1.26 -0.076 -0.33 -0.2514 0.9618 4.5
"510" 1.26 0.64 0.34 1.4565 0.2171 3.8
"511" 0.79 0.3889 -0.33 0.6584 0.4486 4.4
"512" 0.06 -0.076 -0.48 0.1775 0.2171 5
"513" 0.79 -0.3017 -0.63 0.6584 0.4486 4.5
"514" 0.56 -0.3583 -1.68 -1.5329 1.0998 3.8
"515" -0.2 0.3889 1.07 -0.1091 -0.0721 5.8
"516" -0.2 -1.0202 -0.33 -0.7332 1.5866 4.1
"517" 0.06 1.2219 -0.48 -0.7332 0.2171 4.8
"518" 0.06 0.3889 -0.18 -0.7332 0.811 3.5
"519" 0.79 -0.3017 -1.86 -1.5329 -2.1402 4.2
"520" 0.56 0.64 -0.63 0.1775 0.811 5
"521" 1.26 0.64 -1.21 -1.5329 0.2171 3.8
"522" 0.32 -0.076 -0.02 1.4565 0.4486 4
"523" -0.2 0.1524 -0.02 0.1775 1.2288 4.1
"524" 0.06 0.64 0.15 0.1775 1.5866 4.4
"525" 0.11 1.2219 -0.63 1.4565 -1.0226 3.9
"526" 0.06 -0.076 2.27 1.4565 1.8317 3.8
"527" 1.89 0.3889 0.54 -0.2514 0.4486 4.3
"528" 1.02 0.9139 -0.48 0.1775 1.9398 2.9
"529" 0.79 -0.076 -0.48 0.1775 0.6426 5.2
"530" -0.73 -0.3017 0.78 0.1775 0.4486 4.3
"531" 0.56 1.5828 -1.06 -0.7332 0.4486 4.2
"532" 0.32 0.1524 -0.33 0.6584 -1.0226 3.8
"533" -0.47 0.2846 1.07 -0.2514 1.3516 5.1
"534" -0.47 0.1524 -0.18 0.6584 0.4486 3.9
"535" -0.2 1.2219 -0.33 -1.334 0.2171 5.1
"536" -0.2 -0.767 0.15 -0.2514 1.7024 4
"537" 0.32 -0.076 -0.63 0.1775 0.9618 4.2
"538" 1.26 1.2219 -0.48 1.4565 -2.1402 4.7
"539" -0.2 -0.767 -0.48 0.6584 0.9618 3.6
"540" 1.02 1.2219 2.27 1.4565 1.0998 5.1
"541" 1.89 1.2219 1.07 0.6584 1.7024 3.8
"542" 1.02 1.2219 0.15 -1.5329 0.6426 4.8
"543" -0.47 0.9139 0.34 -1.5329 0.4486 4.2
"544" -0.47 0.1524 1.07 1.4565 -0.0721 6.4
"545" -1 -0.3017 1.47 1.4565 1.8194 5.8
"546" 0.06 0.3889 0.78 1.4565 0.2171 5.9
"547" 0.06 -0.3017 2.27 -0.2514 0.9618 6.7
"548" 0.06 -0.53 0.54 -0.7332 0.6426 6.7
"549" 0.06 1.2219 0.34 1.4565 0.6426 5.4
"550" -0.2 -0.076 1.07 -0.2514 0.6426 6.3
"551" -0.2 -1.2999 2.27 -0.2514 0.6426 6.1
"552" -0.2 -1.0202 0.54 -0.2514 0.4486 6.3
"553" -0.2 -0.3017 2.27 0.6584 1.2288 6.4
"554" 0.56 0.3889 2.27 -0.7332 0.2171 6
"555" 2.55 0.3889 -0.18 0.6584 0.811 4.8
"556" -0.2 1.5828 -0.48 0.1775 -1.0226 4.2
"557" -0.47 0.1524 -1.68 -1.5329 -0.4567 3.7
"558" 0.32 -0.53 -0.48 0.1775 0.811 4.5
"559" 0.32 0.64 -0.77 1.4565 0.6426 3.2
"560" -0.2 -0.53 -0.02 0.6584 1.7024 3.9
"561" -0.2 -0.767 0.78 0.6584 1.2288 4.8
"562" -0.2 -1.2999 0.54 -0.2514 1.3516 4.7
"563" 0.32 0.64 -0.18 1.4565 1.4702 3.9
"564" 0.79 0.3889 -1.06 -0.2514 0.9618 3
"565" 1.02 0.64 -0.63 0.1775 2.2022 3.9
"566" 2.55 0.64 -0.18 -1.5329 0.4486 4.3
"567" 0.32 0.9139 -0.18 0.6584 1.3516 4.2
"568" 0.56 0.9139 -0.77 0.1775 -0.0721 5.3
"569" 0.79 0.9139 -0.02 0.6584 -0.4567 4.6
"570" 0.32 -0.076 -0.18 -0.7332 0.6426 4.3
"571" 0.32 -0.3017 -0.02 -0.2514 0.811 4.4
"572" -0.2 0.1524 0.15 0.1775 1.8194 4.1
"573" 0.73 1.5828 0.78 -0.7332 1.5866 3.5
"574" 0.32 0.3889 -0.92 0.1775 0.6426 4.1
"575" 0.79 -0.3017 2.27 -0.7332 -0.4567 6
"576" -0.73 3.9067 2.27 0.6584 1.9398 6.1
"577" 0.56 1.2219 -0.18 1.4565 0.2171 5.3
"578" -0.47 -1.6239 -0.18 0.1775 0.4486 6
"579" 1.26 0.1524 1.07 -0.2514 0.2171 5.3
"580" 0.56 0.64 -0.02 0.1775 0.6426 5.7
"581" -0.73 -1.6239 1.07 -0.7332 -0.0721 6.3
"582" 0.56 -0.076 0.78 0.6088 1.2288 6.2
"583" 0.06 0.64 -0.77 -0.2514 1.4702 6.5
"584" -0.47 -0.767 -0.18 -0.2514 0.4486 5.7
"585" -0.47 -0.767 -0.18 1.4565 0.9618 6
"586" 1.73 0.1524 -1.06 -1.5329 1.3516 3.3
"587" 0.32 0.64 -0.92 -0.2514 -2.1402 4.2
"588" 2.55 2.0328 -1.06 -0.7332 0.4486 4.6
"589" 1.02 -0.3017 -0.18 -1.334 -1.0226 4.8
"590" 0.56 -0.3017 -0.63 0.6584 0.811 3.7
"591" -0.47 0.64 -1.21 -1.5329 -2.1402 3.8
"592" 0.79 0.64 0.15 0.5767 2.3531 3.2
"593" 0.06 0.3889 -0.92 0.6584 0.2171 4.2
"594" 0.56 0.3889 -0.02 -0.0387 -0.4567 4.8
"595" 0.32 0.1524 -0.33 1.4565 1.3516 5.7
"596" 1.26 0.64 0.15 1.4565 2.3531 4.6
"597" -1 1.5828 1.07 0.9484 1.3516 4.1
"598" 0.79 0.1524 -0.18 1.4565 1.4702 3.9
"599" 1.02 1.5828 -0.77 1.2499 1.2288 4
"600" 0.06 -0.076 -1.36 -1.5329 0.4486 4.5
"601" 0.32 -0.767 -0.02 -0.2514 0.9618 3.6
"602" -0.47 0.64 -0.02 0.9794 0.6426 3.4
"603" -1.3 2.0328 -0.18 1.2691 -0.0721 3.3
"604" -0.2 -0.3017 -0.33 -0.2514 0.9618 4.2
"605" -0.2 -0.076 -0.33 -1.5329 0.9618 4.2
"606" 0.79 -0.076 -0.48 0.1775 1.5866 4.6
"607" 0.79 3.9067 -0.77 0.1775 0.2171 3.8
"608" 0.79 0.64 -1.36 -1.5329 -0.0721 3.1
"609" 0.32 0.3889 2.27 1.4565 0.4486 4.1
"610" -0.73 1.2219 0.15 0.6584 -0.0721 3.5
"611" 1.89 0.64 -0.02 0.1775 -0.4567 3.6
"612" 1.53 0.9139 -0.02 0.6584 1.8194 4.1
"613" 0.79 -0.53 -0.92 -1.5329 0.9618 3.4
"614" 1.02 0.3889 -0.33 0.1775 0.9618 4.1
"615" 1.02 2.0328 -1.36 -0.7332 -0.4567 4
"616" 2.55 1.5828 1.07 1.4565 0.6426 4.4
"617" 0.56 0.3889 -0.48 -0.7332 2.5276 3.5
"618" 0.32 1.2219 -0.18 -0.7332 0.2171 4.6
"619" -0.47 0.64 -0.63 0.6584 -0.4567 4.6
"620" 1.02 3.9067 -1.21 0.1775 0.9618 3.4
"621" 0.79 0.9139 -0.33 -1.5329 -1.0226 4.2
"622" -1.68 -0.076 -0.02 -0.2514 1.3516 5.6
"623" 0.79 0.1524 0.78 -0.2514 -0.0721 4.9
"624" 0.32 1.5828 -0.77 -1.5329 0.2171 4.3
"625" 0.56 0.1524 -0.48 0.1775 1.8194 3.5
"626" -0.2 -0.767 1.47 -0.2514 0.2171 5.3
"627" 0.06 0.1524 -0.18 1.4565 0.2171 4.2
"628" -0.47 -0.3017 -0.77 -0.2514 0.6426 3.4
"629" 0.06 0.3889 -0.33 1.2499 0.811 4.6
"630" 0.06 0.1524 -0.18 1.4565 1.3516 3.7
"631" -0.2 -0.53 -0.92 0.1775 0.811 3.1
"632" 1.02 -0.3017 0.15 0.6584 0.6426 4.6
"633" 0.79 0.64 -0.18 -0.7332 0.9618 3.6
"634" 0.79 0.1524 -0.18 0.6584 0.9618 3.7
"635" 0.32 -0.3583 0.54 0.1775 1.0998 4.2
"636" -1 -0.53 2.27 0.6584 1.5866 4.7
"637" 1.53 -0.076 -1.86 -1.3074 0.9618 4
"638" 0.32 0.64 -0.02 -0.045 1.7024 4.7
"639" 1.02 0.64 -0.92 0.9484 -0.0721 4.4
"640" 2.55 1.2219 -1.68 -1.5329 -0.4567 4.2
"641" -0.47 -1.6239 1.07 -0.2514 1.0998 4.6
"642" 0.56 0.9139 0.34 1.4565 0.6426 5.2
"643" 0.56 -0.076 -0.92 0.1775 0.4486 2.9
"644" 0.56 3.9067 -3.75 -1.5329 -2.1402 3.6
"645" -0.47 3.9067 0.15 -1.5329 0.9618 3.4
"646" 0.56 -0.2352 2.27 1.4565 0.9618 4.1
"647" 0.06 0.3889 0.54 1.4006 -0.4567 3.9
"648" 0.32 0.9139 0.78 0.6584 -0.0721 4.2
"649" 1.26 3.9067 -0.92 -1.5329 -1.0226 4.2
"650" -0.47 1.5828 -0.18 0.6584 0.9618 4.2
"651" -1 -0.53 -0.48 1.4565 0.4486 4.5
"652" 1.02 0.3889 -0.02 0.1775 0.811 3.7
"653" 1.02 -0.767 -0.92 0.1775 0.9618 3.7
"654" -0.73 0.1524 0.15 -0.7332 1.4702 4.4
"655" 0.56 0.3889 0.34 -0.2514 1.5866 4.4
"656" 1.02 -0.767 0.78 0.6584 0.811 5.2
"657" -0.2 1.2219 -0.18 -1.5329 -0.4567 3.6
"658" 1.02 0.1524 0.54 1.4565 0.2171 3.9
"659" 0.79 0.64 -0.18 -0.2514 1.9398 5
"660" 0.79 0.64 -0.18 1.4565 1.9398 3.5
"661" 0.06 0.64 -0.18 1.4565 1.9398 4.5
"662" 0.06 0.1524 -0.02 0.4296 1.0998 4.5
"663" 2.55 1.5828 2.27 0.1775 4.4249 4.8
"664" 1.02 0.3889 -0.77 -0.7332 -1.0226 4
"665" 0.56 0.64 -0.63 0.1775 0.811 3.9
"666" 2.55 0.3889 -0.18 1.4565 0.4486 3.6
"667" 1.02 0.3889 -0.33 1.4565 1.5866 4.2
"668" 0.79 2.0328 -0.02 0.6584 0.8903 3.2
"669" -0.73 -1.0202 -1.36 0.6584 1.2288 2.9
"670" 1.02 -0.53 -1.06 -1.5329 0.6426 4.1
"671" 0.06 -1.0202 -0.33 0.1775 0.811 3.7
"672" 0.56 -0.076 0.54 -1.5329 0.2171 5.3
"673" 0.56 0.64 -0.48 0.4296 0.9618 3.9
"674" 1.53 -0.53 1.07 -1.5329 -0.0721 3.2
"675" -1.3 -3.7666 -0.48 0.1775 3.4609 3
"676" -0.47 -0.3017 2.27 -0.2514 0.4486 6.9
"677" -0.47 1.2219 1.47 1.4565 1.2288 5.6
"678" -0.73 -0.076 1.07 -0.2514 0.6426 6.3
"679" 0.32 -0.076 0.54 -0.2514 0.4486 5.5
"680" -0.2 -0.767 0.34 -0.7332 0.9618 6.1
"681" 0.56 0.9139 -0.18 -0.2514 -1.0226 5.7
"682" -2.37 1.2219 1.47 -0.2514 -0.0721 5.2
"683" -0.2 -0.53 1.07 -0.2514 0.811 6
"684" 0.56 -0.3017 0.78 -0.2514 -0.4567 6.4
"685" -0.73 -0.3017 2.19 0.1775 0.6426 6
"686" 0.56 1.5828 0.78 1.4565 0.811 6
"687" 0.79 0.64 -0.77 0.1775 -0.4567 3.3
"688" -0.47 -1.0202 -0.63 -0.7332 -2.1402 3.7
"689" 0.06 -0.53 0.34 -0.2514 -0.4567 4
"690" 0.32 0.64 1.07 1.4565 1.8194 4.7
"691" 0.06 0.64 -0.18 1.1091 1.9398 3.5
"692" 0.32 0.9139 -0.33 1.4565 1.0998 4.1
"693" -0.2 0.64 -0.33 0.1871 -0.362 4.1
"694" -0.47 -0.767 -0.34 0.6584 1.2288 4.1
"695" -0.47 0.1524 0.34 1.4565 1.2288 4.6
"696" 1.02 -0.076 -0.63 -0.7332 -0.0721 4.7
"697" -0.2 -1.0202 -0.18 0.6584 1.0998 4.1
"698" -0.2 0.64 0.15 0.6584 0.4486 4.8
"699" -0.2 -0.53 -0.77 0.6584 0.4486 4.5
"700" -2.37 -2.0269 2.27 1.4565 -1.0226 4.1
"701" 0.79 -0.076 -0.63 1.4565 -2.1402 4.4
"702" -0.47 0.9139 0.54 0.6584 1.3516 6
"703" 0.79 0.3889 0.15 0.6584 0.6426 4.3
"704" 0.56 0.3889 -0.02 1.4565 0.811 4.6
"705" 0.56 -0.076 -0.18 -0.2514 1.2288 4.6
"706" -0.47 -0.076 0.54 1.4565 0.6426 3.9
"707" 0.06 -0.53 -0.33 -0.7332 -0.4567 4
"708" 0.56 0.3889 -0.02 -1.5329 1.0998 5.3
"709" 0.56 0.64 -0.63 -1.5329 0.2171 3.9
"710" 1.53 0.1524 0.54 -0.7332 1.2288 4
"711" -0.2 0.9139 0.34 0.0421 0.9618 4.6
"712" 2.55 -0.3017 -0.77 -0.2514 -0.4567 4.2
"713" 0.56 0.3889 0.15 -0.7332 0.6426 4
"714" 0.79 0.9139 -0.33 -1.5329 0.9618 3.8
"715" 1.26 0.64 1.47 1.4565 -2.1402 3.8
"716" -1.68 -1.6239 1.07 -0.2514 1.0998 5
"717" 2.55 1.2219 0.54 -1.5329 0.9618 4.6
"718" 0.32 0.1524 -0.33 0.1775 1.2288 5.4
"719" 0.32 0.64 0.34 0.1775 0.6426 3.9
"720" -1 -0.3017 0.54 -0.2514 0.2171 4.9
"721" 1.26 -0.076 -0.63 -1.5329 0.9618 3.8
"722" 0.06 -0.3017 -0.33 0.1775 -0.0721 4.7
"723" 0.56 0.64 -0.63 0.1775 -0.4567 5.2
"724" 0.79 0.3889 0.54 1.4565 1.2288 5
"725" -0.47 -1.0202 1.07 1.4565 0.9618 6.5
"726" -0.47 -0.53 2.27 1.4565 1.2288 5.2
"727" -0.2 -0.767 -0.18 1.4565 0.2171 4.7
"728" -1 0.3889 -0.02 0.6584 1.2288 6.4
"729" -0.47 -0.3017 0.34 1.4565 0.9618 5.5
"730" -0.2 -0.53 0.34 1.4565 0.4486 5.9
"731" -0.2 -0.3017 -0.77 1.4565 0.4486 5.7
"732" 0.79 -0.3017 -0.02 0.1775 0.9618 5.2
"733" 1.89 0.9139 -1.2 0.1775 0.4486 5
"734" 0.79 0.64 -0.18 0.6088 -1.0226 5.6
"735" 0.32 -0.076 -0.33 1.4565 0.6426 5.3
"736" 1.26 1.5828 -0.63 -0.3495 0.4486 5.2
"737" 0.06 -3.7666 -0.02 1.4565 0.6426 5.9
"738" 0.06 -0.076 0.15 1.4565 0.2171 4.6
"739" -1.68 -1.2999 0.78 1.4565 0.6426 5.9
"740" -1.68 -0.076 0.34 0.6584 1.2288 6.6
"741" -0.47 -0.3017 1.07 1.4565 1.2288 5.2
"742" -0.47 -0.53 -0.63 1.4565 0.4486 5.3
"743" 0.79 -0.076 -0.18 1.4565 0.9618 5.6
"744" 0.79 -1.2999 0.34 -0.2514 0.6426 5.9
"745" 1.53 0.3889 -0.18 0.6584 0.9618 6.1
"746" 0.79 -0.076 -0.02 -0.2514 0.4486 5.7
"747" 1.02 0.64 -0.48 -1.5329 -2.1402 5.4
"748" -0.47 -0.3017 0.54 0.1775 1.0998 4.6
"749" 2.55 1.2219 -0.48 -0.2514 0.2171 5.3
"750" -0.2 -0.076 0.15 -0.2514 1.0998 5.1
"751" 0.06 -0.53 -0.18 -0.2514 0.9618 5.3
"752" 0.56 -0.076 -0.02 -0.2514 -0.0721 5.2
"753" -0.47 0.1524 -0.02 1.4565 0.4486 4.8
"754" -0.47 -0.3017 -0.18 1.4565 1.3516 5.8
"755" -0.73 0.64 2.27 0.1775 0.6426 6
"756" 1.02 -0.076 -0.02 -1.5329 -1.0226 5.6
"757" -0.47 -0.076 2.27 1.4565 0.9618 6.3
"758" 1.02 0.1524 -0.92 0.1775 0.4486 3.9
"759" 0.06 -2.0269 -0.48 0.9484 -0.0721 3.7
"760" -0.2 -0.076 -0.48 -0.7332 -1.0226 4.7
"761" 0.56 1.2219 -0.02 0.6584 0.6426 4
"762" -0.2 0.64 1.07 1.4565 1.4702 4
"763" 1.26 1.2219 -1.06 0.1775 1.9398 3
"764" 2.55 3.9067 1.07 1.4565 -0.0721 4.8
"765" 1.02 1.2219 -0.48 1.4565 1.0998 3.9
"766" 0.32 -0.767 0.34 0.1775 0.811 4.5
"767" 0.06 0.64 0.15 0.9794 0.9618 3.7
"768" -0.47 0.3889 -0.02 -1.5329 0.6426 4.5
"769" 1.02 0.64 -0.18 -1.334 1.0998 5.4
"770" -0.2 2.0328 0.54 0.9484 0.6426 4
"771" 1.53 -0.53 0.34 -1.5329 2.6154 3.2
"772" 0.56 0.3889 -0.48 -1.5329 1.0998 5.4
"773" 0.56 0.3889 -0.48 1.4565 1.3516 4.5
"774" -1 -0.53 0.34 1.4565 0.811 5.5
"775" 0.56 0.1524 0.78 -0.2514 -0.0721 5.1
"776" -0.2 -0.076 -0.18 0.6088 0.6426 4.9
"777" -0.47 -0.076 0.78 1.4565 0.6426 5.4
"778" 0.56 -0.076 0.78 -0.2514 0.6426 6.2
"779" -0.2 3.9067 2.27 1.4565 1.5866 5.2
"780" -0.2 -1.6239 0.34 1.4565 1.0998 6.1
"781" -1 -0.767 1.07 0.6584 0.811 5.7
"782" -0.47 0.9139 1.47 0.6584 0.9618 5
"783" 0.32 -0.076 1.07 0.1775 0.9618 4.6
"784" 1.02 -0.076 0.15 -0.2514 1.3516 5.7
"785" -0.2 0.64 1.07 1.4565 0.9618 6.5
"786" 0.56 0.64 0.34 0.1775 1.2288 4.9
"787" 0.56 0.3889 0.54 -0.2514 1.0998 4.8
"788" 0.32 0.3889 0.34 -0.2514 0.2171 5.5
"789" 0.56 0.3889 -0.48 -0.7332 -0.4567 5.5
"790" 0.32 -0.3017 -0.77 1.2691 0.4486 4.9
"791" 1.26 0.9139 0.15 0.1775 1.3516 5.7
"792" 0.06 0.1524 0.15 0.6584 -0.0721 5
"793" 0.32 -0.767 2.27 0.6584 0.9618 5.1
"794" 0.06 1.2219 1.47 0.1775 -2.1402 5.9
"795" -0.47 2.6645 0.78 -0.7332 0.6426 5.9
"796" 1.89 1.5828 0.34 1.1091 0.4486 4.7
"797" -0.2 -0.076 -0.77 1.4565 -0.0721 4.8
"798" 0.56 -0.3017 -0.02 1.4565 1.0998 5.9
"799" 1.02 0.3889 -0.02 -1.5329 -0.0721 4.9
"800" 0.56 0.1524 -0.77 -0.7332 0.2171 4.8
"801" 0.06 -0.53 -1.06 -0.2514 -0.4567 4.5
"802" 1.02 0.9139 -1.36 -1.5329 -0.4567 4.9
"803" 2.36 2.0328 -0.63 0.6584 2.2022 3.2
"804" -0.2 -0.53 -0.02 -0.2514 -1.0226 4.2
"805" -1.3 0.9139 0.34 0.6584 1.3516 4.5
"806" 0.32 1.5828 -0.33 1.4565 1.0998 4
"807" 1.26 2.0328 -2.11 -1.5329 -1.0226 4.3
"808" 1.02 1.2219 -0.18 -0.7332 0.9618 4
"809" -0.2 -0.53 -0.77 0.0421 1.4702 4.1
"810" 1.26 -0.076 -0.48 0.1775 1.0998 3.9
"811" 2.55 3.9067 -0.18 -0.7332 1.4702 2.7
"812" 1.26 -0.53 -0.18 -0.2514 0.811 3.6
"813" 2.55 3.9067 2.27 -0.7332 4.4249 4.8
"814" 0.32 -0.53 -0.48 -0.7332 -0.0721 4.4
"815" 0.79 0.64 -0.18 -0.2514 1.8194 3.8
"816" 0.56 0.64 -0.02 0.1775 1.4702 5.2
"817" 1.26 1.5828 0.34 0.6584 2.5276 3.5
"818" -0.47 -1.0202 0.15 0.1775 -0.4567 4.4
"819" 0.32 -1.0202 0.15 -0.2514 1.2288 4
"820" -1 0.1524 -0.48 -1.3074 0.2171 3.6
"821" 0.06 0.3889 0.15 -0.7332 0.6426 3.5
"822" 0.79 0.1524 -0.18 -1.5329 -0.4567 2.9
"823" 0.56 -0.3017 -1.21 0.6584 0.4486 3.8
"824" -0.47 0.1524 -0.75 0.6584 0.811 3.5
"825" -0.47 -0.3017 0.78 -0.2514 1.3516 4.7
"826" 0.79 -0.076 -0.92 0.1775 0.2171 3.4
"827" 0.79 -0.3017 0.78 1.4565 -1.0226 5.1
"828" -0.47 -1.6239 2.27 -0.2514 0.9618 5.9
"829" -0.47 0.9139 1.47 -0.2514 1.8194 6.4
"830" 0.56 -0.3017 0.15 1.4565 0.2171 4.9
"831" 0.32 2.0328 2.27 0.6584 0.811 6.2
"832" 0.79 1.5828 0.34 0.1775 0.6426 5.6
"833" 0.06 0.3889 -1.21 0.6584 1.2288 5.2
"834" 1.02 0.3889 1.47 1.4565 -0.0721 5.1
"835" -0.47 -0.53 1.07 1.4565 0.2171 5.9
"836" 0.06 -0.767 1.47 1.4565 1.2288 5.3
"837" 0.56 0.64 -0.33 0.6584 1.4702 5.6
"838" 0.32 0.1524 0.34 0.1775 0.4486 6.6
"839" 1.53 0.64 -0.48 -0.7332 0.9618 3.8
"840" 1.89 1.5828 -0.18 1.1696 2.0662 3.2
"841" -0.47 0.9139 0.34 -0.3495 0.811 4.5
"842" 0.56 0.1524 1.35 1.2691 0.9618 4.2
"843" -0.2 -0.076 2.27 0.6584 1.0998 4.9
"844" 0.79 0.9139 0.15 1.4565 0.9618 3.7
"845" -1 -1.0202 -0.02 1.4565 0.4486 4.5
"846" 0.32 0.9139 0.34 -1.5329 -2.1402 4.6
"847" 0.32 -2.0269 2.27 -0.2514 1.4702 5.3
"848" 0.79 -0.076 -0.77 -0.2514 -0.0721 3.6
"849" 1.26 2.0328 -0.63 0.1775 0.4486 4.3
"850" 1.02 -0.076 -0.48 0.1775 -0.0721 4.9
"851" -0.73 0.1524 0.78 1.4565 1.2288 5.8
"852" -0.2 -0.3017 0.34 0.1775 1.0998 5.4
"853" -0.47 -0.076 0.78 1.4565 0.9618 5.4
"854" 1.02 1.2219 -0.63 1.4565 0.6426 5.8
"855" -0.2 -0.53 0.54 1.4565 1.0998 6.2
"856" 1.26 0.1524 0.78 -0.2514 0.4486 5.3
"857" -0.73 -0.076 2.27 -1.5329 0.9618 6.3
"858" 0.32 -0.53 2.27 1.4565 0.2171 5.1
"859" 0.79 0.1524 1.47 0.1775 0.2171 5.4
"860" 0.56 0.3889 -0.18 -0.2514 0.4486 5.4
"861" -0.47 -0.3017 0.15 1.4565 0.2171 5.2
"862" -1.3 -2.0269 0.78 0.9484 0.4486 5.6
"863" 0.06 0.9139 0.34 -0.2514 -0.0721 5.4
"864" 0.06 -0.076 2.27 -1.5329 0.9618 6.2
"865" -1.3 0.9139 1.07 1.4565 0.2171 5.1
"866" 0.79 0.9139 -0.18 -0.2514 -0.4567 4.5
"867" 0.56 1.2219 0.34 -0.7332 0.2171 5.4
"868" -0.47 0.9139 -1.36 -0.2514 -0.4567 5.1
"869" -0.73 -0.53 0.15 0.1775 2.5276 5.5
"870" 0.56 1.2219 -0.02 -0.2514 0.2171 4.8
"871" 1.02 -0.076 0.15 1.4565 0.2171 5.1
"872" 0.79 -0.767 2.27 1.4565 1.5866 5.3
"873" -1 0.9139 0.54 1.4565 1.7024 5.6
"874" 0.56 0.64 2.27 0.1775 1.5866 4.2
"875" 0.32 -0.3017 -0.92 0.1775 1.4702 2.9
"876" 0.32 0.1524 0.54 -1.5329 0.2171 3.2
"877" 0.32 -0.3017 -0.18 1.4565 0.2171 4.4
"878" 0.06 -0.53 -0.77 -0.2514 0.2171 3.5
"879" -1 -1.0202 1.07 0.6584 1.5866 5.8
"880" 0.79 0.9139 -0.18 -0.2514 2.5276 4
"881" 1.53 -0.53 -1.21 1.4565 -0.0721 3.6
"882" -0.2 0.3889 0.54 -0.2514 1.5866 5.3
"883" 0.56 0.3889 -0.33 1.4565 2.5276 4.5
"884" -0.73 0.64 -1.21 -0.2514 -0.0721 4.6
"885" -0.2 0.9139 0.15 0.1775 0.6426 5.2
"886" 0.32 0.9139 0.78 -0.2514 0.9618 5.4
"887" 0.79 1.5828 -0.33 1.4565 0.4486 6.2
"888" 0.32 0.1524 0.34 0.6584 0.811 5.6
"889" 0.56 2.0328 0.54 -0.2514 0.6426 5.7
"890" 0.79 0.3889 -0.02 -0.7332 -2.1402 5.9
"891" -0.2 0.3889 1.07 1.4565 0.6426 5.8
"892" 0.56 1.5828 -0.02 -1.5329 0.9618 6
"893" -1 -0.3017 1.07 1.4565 0.9618 6.5
"894" -0.47 1.2219 1.07 0.6584 0.811 5.6
"895" 1.02 -0.076 1.07 0.6584 0.4486 5.6
"896" 0.06 0.3889 0.78 -0.2514 0.4486 5.7
"897" -0.2 0.64 0.78 0.1775 1.5866 5.5
"898" -1 -0.076 -0.18 -0.2514 1.2288 5.9
"899" 0.56 0.9139 2.27 -0.7332 0.9618 5.8
"900" 0.32 -0.53 2.27 1.4565 1.1085 6.1
"901" 0.56 -0.076 -0.18 -0.2514 0.2171 5.6
"902" 0.56 0.64 1.07 -0.2514 1.3516 6.3
"903" -1 -1.1204 1.47 -0.7332 1.7024 5.5
"904" 0.06 -0.53 0.34 -0.2514 0.9618 6
"905" 1.53 0.9139 0.54 -0.2514 -0.4567 5.7
"906" -0.47 -0.3017 -0.02 -0.2514 0.2171 6
"907" 0.56 1.2219 -0.33 -1.5329 -2.1402 4.2
"908" -0.2 1.2219 0.15 -0.2514 2.0662 3
"909" -0.2 0.1524 -0.33 -0.2514 0.6426 4.2
"910" 1.53 0.3889 0.15 -0.7332 1.2221 4.2
"911" 2.55 3.9067 2.27 -0.7332 4.4249 3.8
"912" -1.68 -1.6239 0.34 1.4565 2.0662 4.8
"913" 0.32 0.9139 -0.48 1.4565 2.7409 4.2
"914" 0.56 -0.53 -0.18 -0.7332 1.9398 4.4
"915" -0.2 -0.53 0.67 0.6584 0.4486 4.7
"916" 0.32 1.5828 -0.18 -1.5329 2.5276 4.4
"917" 2.55 3.9067 -0.18 -1.5329 1.2288 5
"918" 2.55 1.2219 -2.05 -1.5329 -2.1402 3.6
"919" -0.2 -1.2999 0.15 -1.5329 0.6426 4.1
"920" -0.2 -0.076 0.15 0.1775 2.3531 4.4
"921" 1.89 -0.076 -0.92 0.6584 -0.4567 4.7
"922" 0.79 -1.0202 -0.77 0.1775 0.2171 4.1
"923" 0.06 1.2219 -0.18 0.6584 2.2022 3.6
"924" 1.26 0.64 -0.33 1.4565 0.4486 5.9
"925" 0.56 0.64 2.27 1.4565 1.2288 5.4
"926" -0.47 -0.3017 1.07 1.4565 0.9618 6.6
"927" -1.68 -2.5995 0.78 -0.2514 0.811 6.4
"928" 0.32 -0.767 0.54 -0.2514 0.811 5.1
"929" -0.47 -0.076 -0.48 -0.2514 1.2288 6
"930" -1.68 -0.3017 1.47 1.4565 0.811 6.3
"931" -0.47 -1.6239 1.47 -0.2514 1.4702 7
"932" 0.06 0.9139 0.54 1.4565 0.2171 5.8
"933" -2.37 0.64 -0.02 -0.7332 0.9618 6.4
"934" 0.56 0.9139 -0.18 0.6584 -1.0226 4.9
"935" 0.32 -0.076 0.34 1.4565 -0.0721 5.5
"936" 0.06 0.1524 0.78 0.6584 -0.4567 5.7
"937" -0.21 -1.2999 -0.77 1.4565 1.2288 5.2
"938" 0.56 0.3889 1.47 1.4565 0.811 5
"939" -1.68 0.64 1.47 0.1775 1.5866 5.6
"940" 0.79 0.64 -0.02 -1.5329 -0.0721 5.4
"941" 1.89 1.2219 -1.68 0.1775 0.2171 5.7
"942" 0.79 2.0328 -0.48 1.4565 -0.4567 5.1
"943" 1.53 0.9139 -0.18 -0.2514 0.4486 4.8
"944" 0.32 0.64 1.47 -0.2514 1.5866 5.3
"945" 2.55 1.2219 1.07 -0.2514 -1.0226 5.2
"946" 1.26 1.5828 0.34 0.1775 1.7024 3
"947" -0.2 -0.767 0.15 -0.7332 1.2288 4
"948" -0.2 -1.0202 -0.18 0.6584 1.4702 4.8
"949" 0.32 0.1524 -0.33 0.1775 0.811 3.6
"950" -1 0.64 -0.77 -1.5329 0.4486 4.6
"951" -0.2 0.3889 2.27 1.4565 3.4609 3.6
"952" 1.02 0.3889 0.54 -0.2514 1.0998 5.1
"953" 0.79 2.0328 0.54 0.6584 0.4486 4
"954" 2.55 0.1524 -1.21 0.1775 0.4486 3.1
"955" 1.53 0.1524 -0.48 0.9484 0.6426 4.7
"956" 0.32 -0.076 0.54 1.4565 0.2171 4.4
"957" -0.73 -0.3017 -0.63 1.4565 0.6426 4.2
"958" -0.2 -0.3017 0.34 0.6584 1.2288 4.5
"959" 1.02 0.64 -0.48 0.6584 2.0662 3.9
"960" 0.06 -0.767 -1.06 -1.5329 -0.0721 3
"961" 1.26 0.1524 2.27 0.1775 -0.4567 5.3
"962" -0.2 0.1524 -0.92 1.4565 1.3516 4.1
"963" 0.56 0.64 -1.21 -1.5329 -0.0721 3.5
"964" 0.32 1.5828 0.15 -0.7332 0.4486 4.1
"965" 0.79 0.1524 -0.18 -1.5329 0.9618 2.9
"966" 0.32 -0.53 0.34 1.4565 0.6426 4.5
"967" -1.68 -1.0202 0.54 1.4565 -0.4567 4.2
"968" -0.2 0.9139 -0.63 -1.4741 -2.1402 4.2
"969" 0.56 -0.076 -1.86 -1.076 -2.1402 3.4
"970" 2.55 2.0328 -0.63 0.6584 -0.0721 3.5
"971" -0.2 -0.3017 0.15 1.4565 0.6426 4.5
"972" 2.55 1.2219 -0.48 -1.5329 -2.1402 3.6
"973" 0.06 -0.076 -0.77 -0.2514 0.2171 3.6
"974" 0.56 0.9139 -0.48 0.1775 0.9618 3.2
"975" 0.06 0.9139 -0.48 1.4565 -0.0721 4.4
"976" 0.06 1.5828 -0.92 -1.5329 -2.1402 3.7
"977" 0.06 1.5828 -0.18 -1.5329 0.9618 4.2
"978" 0.32 -0.076 -0.77 0.6584 0.4486 3.7
"979" -1.68 -1.0202 2.27 0.6584 1.8194 6.9
"980" -2.37 -1.0202 0.34 -0.7332 1.4702 6.6
"981" 0.06 -0.076 0.78 1.4006 1.3689 5.7
"982" 0.56 0.9139 -0.48 -0.2514 0.9618 4.8
"983" 0.56 0.1524 1.47 1.4565 1.0998 6.1
"984" -0.47 -0.3017 1.07 0.1775 1.2288 6.5
"985" -1.3 -0.767 1.07 1.4565 0.811 5.9
"986" 0.06 0.64 0.78 0.4296 1.2288 5.8
"987" -0.2 -0.076 -0.18 0.6584 0.4486 4.9
"988" 1.02 0.3889 0.15 0.1775 -0.0721 6
"989" 0.56 -0.767 0.54 -1.5329 0.9618 7
"990" 0.06 0.64 0.34 1.4565 -0.0721 5.5
"991" 0.06 -0.3017 1.07 -0.2514 1.3516 5.5
"992" -1.68 -0.3017 -0.02 -0.2514 0.6426 6.3
"993" 0.56 -1.0202 -0.02 0.6088 -0.0721 5.2
"994" -0.47 -2.0269 0.54 -0.2514 0.2171 6.5
"995" 0.06 0.64 0.15 -0.4946 0.4486 5.1
"996" 1.53 1.2219 1.47 0.9484 -0.4567 6
"997" 0.56 -1.0202 0.54 -0.2514 0.2171 5.9
"998" -0.47 0.9139 1.47 -0.2514 0.9618 6.2
"999" 0.79 0.1524 0.54 -0.2514 -0.0721 6.3
"1000" 2.55 1.4267 1.47 -1.5329 1.2288 3.7
"1001" 0.32 0.3889 0.54 0.1775 0.6426 6.5
"1002" 1.53 1.2219 -0.02 1.195 0.4486 4.9
"1003" 0.79 0.1524 -0.33 1.4565 0.9618 5
"1004" -1 0.64 -0.18 0.1775 0.4486 5.6
"1005" 0.06 0.64 -0.33 0.6584 -0.0721 4.2
"1006" 1.53 0.9139 -0.02 -0.2514 0.9618 4.6
"1007" 0.06 0.9139 0.15 -0.2514 0.4486 4.8
"1008" 0.06 0.9139 -0.33 0.1775 -0.0721 5
"1009" -0.2 -0.53 -0.2 -0.2514 0.811 6.8
"1010" 1.02 0.1524 -0.33 0.6584 0.811 4.9
"1011" 0.32 -0.3017 -0.92 -1.4164 -0.0721 4.8
"1012" 0.56 2.0328 -0.02 -0.2514 1.5866 3.4
"1013" 0.56 0.3889 -0.02 1.2691 0.4486 4.5
"1014" -2.37 -1.2999 0.78 0.1775 1.7024 5.3
"1015" 0.06 0.1524 -0.48 -0.7332 1.2288 4
"1016" 0.32 0.63 -0.63 0.6584 1.0998 4.2
"1017" -0.47 -0.3017 -0.18 1.4565 0.6426 4.4
"1018" 0.79 1.5828 -0.48 -0.7332 0.4486 3.6
"1019" 1.02 -0.3017 -0.92 1.2691 0.4486 3.8
"1020" 0.43 -0.53 0.21 0.1775 0.2171 4.3
"1021" -0.73 0.0396 -0.18 -1.3697 -2.1402 3.5
"1022" 0.79 0.3889 -0.77 1.4565 -0.4567 4.2
"1023" 0.79 0.1524 -0.33 -1.5329 0.2171 3.5
"1024" 1.26 0.64 -0.33 -1.5329 0.2171 4.6
"1025" 0.32 -0.3017 0.34 0.6584 0.2171 4.7
"1026" 0.06 0.3889 0.78 1.4565 2.2022 5
"1027" 0.79 -0.767 -0.92 0.6584 -0.4567 4.4
"1028" 2.55 0.64 -0.02 0.1775 0.2171 5.1
"1029" 0.32 0.1524 0.15 -0.2514 0.6426 5
"1030" -1.68 1.2219 0.78 1.4565 0.4486 4.5
"1031" 0.56 3.9067 -0.18 -0.7332 0.6426 3.4
"1032" 2.55 -0.0968 -0.48 -0.7332 -2.1402 4
"1033" 0.32 0.9139 -0.18 0.6584 1.5866 3.9
"1034" 0.32 0.3889 -0.63 1.4565 0.4486 3.9
"1035" 1.02 1.2219 -2.57 -1.5329 -2.1402 3.2
"1036" 0.79 -0.3017 -0.77 -1.3697 1.5866 4.1
"1037" 0.56 0.3889 -0.92 -0.5485 0.2171 4.7
"1038" 0.79 0.3889 -0.02 0.6584 0.6426 4.8
"1039" 0.79 -0.767 -0.18 0.1775 1.4702 3
"1040" 0.06 -0.076 0.15 0.1775 0.2171 4.3
"1041" 0.56 -0.53 -0.33 0.1775 -0.4567 3.4
"1042" -0.2 -0.767 -0.77 0.6088 0.2171 4.5
"1043" -0.47 0.1524 -0.18 -0.2514 2.5276 4
"1044" 0.32 0.1524 -0.63 1.4565 1.4702 4.3
"1045" -0.2 -0.767 -0.02 -0.045 0.6426 4
"1046" 0.32 0.64 -0.18 0.6584 1.9398 3.2
"1047" -0.73 -1.2999 -0.92 -0.7332 1.0998 3.3
"1048" 0.32 0.9139 -0.33 -0.7332 1.5866 3.9
"1049" 1.02 0.9139 -0.63 0.6584 0.2171 3.8
"1050" 1.53 0.3889 -0.48 -1.3074 1.0998 3.8
"1051" -2.37 -0.767 -0.77 -0.2514 0.9618 4.6
"1052" -0.47 -1.2999 0.78 0.6584 1.4702 5.5
"1053" -0.47 -0.3017 -1.06 -0.2514 -0.4567 4.1
"1054" 0.79 -0.53 0.78 0.1775 0.2171 5.3
"1055" -1 -0.3017 0.54 -0.2514 0.6426 5
"1056" 0.79 0.64 -1.06 1.4565 0.2171 5.1
"1057" -1.68 -1.0202 0.34 -0.2514 1.2288 4.9
"1058" 2.55 3.9067 2.27 -1.3074 -2.1402 4.5
"1059" -0.73 -0.53 -0.02 -0.2514 1.0998 5.1
"1060" 1.53 1.5828 0.54 1.4565 2.2022 5.1
"1061" -0.73 -0.767 2.27 0.6584 1.7024 5.5
"1062" 1.26 3.9067 0.78 0.1775 -0.0721 5.5
"1063" 0.06 0.9139 0.15 1.4565 0.6426 5.2
"1064" 0.56 0.64 1.07 -1.5329 0.9618 3.5
"1065" -1 0.1524 -0.77 0.6584 1.3516 4
"1066" -0.2 -1.2999 1.47 1.4565 1.8194 3
"1067" 0.06 -1.2999 -0.18 -0.2514 1.3516 2.6
"1068" 1.26 -0.53 0.78 -1.0033 1.2288 3.4
"1069" 0.06 0.1524 -0.77 -1.5329 1.4702 2.8
"1070" 0.32 -0.076 -0.18 0.6584 0.9618 3.3
"1071" -0.2 0.3889 -0.19 -0.2514 -0.0721 3
"1072" 0.06 -0.3017 -1.06 -0.7332 -0.4567 4.2
"1073" 1.89 0.64 -0.33 1.4565 -0.0721 4.3
"1074" 0.32 0.3889 -0.48 1.4565 0.6426 4.4
"1075" 0.32 1.5828 -0.92 -0.2514 0.4486 3.2
"1076" -0.47 -1.6239 0.54 -0.7332 -0.0721 4.1
"1077" 0.56 -0.076 -0.63 -0.2514 -2.1402 3.1
"1078" 1.02 -0.3017 -0.77 0.6584 -0.0721 3.7
"1079" 0.32 -0.076 -0.18 1.4565 0.7322 4
"1080" 0.56 0.64 -0.77 -0.7332 0.4486 3.9
"1081" 0.06 1.2219 -0.18 -0.2514 1.2288 4
"1082" 0.79 1.2219 -2.05 1.4565 1.0998 4
"1083" -0.47 -0.53 -0.33 -0.2514 0.6426 4.4
"1084" 0.56 -0.076 1.07 0.1775 1.3516 5.8
"1085" 0.79 1.5828 1.07 -0.7332 0.811 6.5
"1086" 0.56 0.64 2.27 0.6584 1.0998 6
"1087" -2.37 -0.767 1.07 -0.2514 -0.0721 5.3
"1088" -1.68 -3.7666 2.27 1.4565 4.4249 6.3
"1089" 0.06 0.1524 1.47 1.4565 0.2171 6.8
"1090" 0.32 -0.3017 0.34 1.4565 0.4486 5.9
"1091" -0.2 0.3889 1.07 1.4565 0.9618 6.1
"1092" 0.32 0.1524 0.54 -0.7332 1.3516 6.3
"1093" -0.47 0.64 -0.18 1.4565 1.0998 6.2
"1094" -0.2 0.3889 0.78 -0.2514 0.6426 6
"1095" 0.06 -0.3017 -0.48 1.4565 -0.4567 5.8
"1096" 0.79 -0.53 -0.63 0.1775 -0.0721 4.8
"1097" -0.2 -0.076 -0.48 0.1775 -0.0721 4.7
"1098" 0.79 1.5828 0.34 1.4565 0.6426 5.4
"1099" 0.32 0.64 0.34 1.4565 0.6426 4.3
"1100" 0.79 0.9139 -0.77 0.4296 0.811 5.8
"1101" 1.02 0.1524 -0.18 1.4565 -1.0226 4.7
"1102" -0.47 -0.767 -0.18 0.1775 0.4486 4.7
"1103" 0.32 0.64 -0.18 1.4565 1.3516 5.4
"1104" -0.47 0.64 0.34 0.1775 1.7024 5
"1105" 2.55 -1.0202 -0.18 -1.3074 -1.0226 5
"1106" -0.2 0.1524 0.34 -0.7332 0.4486 5.8
"1107" 0.06 0.1524 -0.33 -0.7332 1.3516 5
"1108" -2.37 -0.3017 2.27 1.4565 2.3531 6.7
"1109" -0.73 -0.3017 2.27 0.1775 1.0998 7.9
"1110" -0.73 -0.767 1.07 -0.2514 1.0998 5.8
"1111" -0.2 0.9139 2.27 -0.2514 0.2171 6.8
"1112" 0.56 0.64 2.27 -0.2514 0.811 7.1
"1113" 0.32 0.1524 1.47 -0.7332 0.4486 6.8
"1114" -0.2 0.3889 2.27 -0.2514 0.2171 6.7
"1115" 0.56 0.1524 2.27 -0.2514 1.0998 6.6
"1116" -0.73 0.3889 1.47 -0.2514 0.6426 6.7
"1117" -0.2 0.64 0.15 -0.2514 1.2288 7.2
"1118" 0.56 0.64 -0.48 -0.2514 -0.4567 6.3
"1119" -0.2 -0.3017 1.47 -0.2514 0.4486 6.4
"1120" 1.02 1.2219 -0.77 0.1775 0.811 4.4
"1121" 0.06 0.1524 -0.33 0.1775 1.9398 4.1
"1122" 1.26 1.5828 0.54 -0.2514 2.3531 3.9
"1123" 0.32 0.1524 -0.33 0.6584 0.6426 4.5
"1124" 0.56 0.3889 -0.18 -0.7332 1.4702 3.5
"1125" 2.55 -1.2573 0.15 -0.2514 4.4249 3
"1126" 0.32 0.64 -0.48 -0.7332 -0.4567 4
"1127" 0.32 0.3889 -0.02 0.1775 0.6426 4.2
"1128" 0.06 0.1524 -0.33 0.6584 0.6426 3.9
"1129" 0.79 0.64 -0.33 -1.5329 0.9618 5.3
"1130" 0.32 0.1524 1.47 0.6584 -1.0226 5
"1131" -0.2 -1.0202 -0.63 1.4565 0.0458 4.9
"1132" 0.56 0.3889 -0.63 -0.7332 0.2171 4.4
"1133" 2.55 0.64 -1.06 -1.5329 -1.0226 4
"1134" -0.2 -0.53 0.54 -0.2514 -0.0721 4.9
"1135" 0.32 -0.767 -0.33 -1.5329 0.2171 4.2
"1136" 0.06 0.3889 -0.02 0.1775 0.4486 4.8
"1137" -0.2 -0.53 0.34 0.6584 0.4486 4.2
"1138" 1.26 -0.076 -1.36 1.4565 -1.0226 4.1
"1139" 1.26 0.64 -1.36 0.1775 -0.0721 4.5
"1140" -0.47 -1.0202 -0.33 0.6584 0.2171 3.5
"1141" -1 -1.6239 1.47 0.6584 2.7409 3.8
"1142" 0.79 0.3889 -0.33 0.6584 0.9695 3.3
"1143" 1.26 0.1524 0.15 -0.7332 0.4486 2.9
"1144" 0.06 2.0328 -0.92 0.0421 1.4702 2.9
"1145" 0.32 0.64 -0.33 -1.5329 0.4486 3.4
"1146" 0.32 -0.3017 -0.77 0.1775 1.0998 3.2
"1147" -1.3 -0.076 -0.18 1.4565 1.8194 3.8
"1148" 0.79 1.5828 -0.33 -1.5329 -2.1402 3.6
"1149" 2.55 -1.0202 -1.51 -1.5329 0.4486 3.5
"1150" -2.37 -3.7666 -3.75 0.0421 -2.1402 2.7
"1151" -0.73 -0.3017 0.15 1.4565 0.4486 4.8
"1152" 0.32 0.1524 -0.18 1.4565 0.6426 4.6
"1153" 0.79 0.64 -0.33 1.4565 0.6426 4.7
"1154" 0.79 -0.076 -1.51 -1.5329 1.0998 3.1
"1155" 1.53 0.64 -0.63 -1.5329 -0.0721 4.8
"1156" 0.56 0.1524 -0.77 -0.7332 0.2171 4.7
"1157" 0.56 -0.53 -0.92 -1.5329 0.811 4.5
"1158" -0.2 -0.3017 -1.21 -1.0998 1.4702 3.4
"1159" 0.56 0.3889 -0.18 -0.2514 0.2171 3.4
"1160" 2.55 3.9067 -0.33 -1.5329 -0.4567 3.7
"1161" -1.3 0.0046 -0.77 1.4565 0.9618 3.4
"1162" 0.56 -0.076 0.98 0.2598 1.2288 3.6
"1163" 0.32 0.1524 -0.77 0.1775 0.9618 3.1
"1164" 0.73 -0.53 0.15 1.4565 1.8194 3.8
"1165" 0.56 0.1524 1.47 1.4565 0.9618 6.7
"1166" 0.06 0.3889 1.47 -0.2514 0.2171 7.2
"1167" 0.06 0.64 0.54 0.1775 -0.0721 6.6
"1168" 0.79 -0.076 0.15 -0.2514 0.2171 6.2
"1169" -1.3 -0.767 1.07 -0.2514 0.4486 6.5
"1170" 0.79 0.3889 0.15 1.4565 -0.0721 6
"1171" -0.2 -0.076 2.27 0.1775 1.3516 6.8
"1172" 1.02 0.64 0.54 -0.7332 -0.0721 6.4
"1173" 0.06 -0.3017 -0.18 -0.2514 0.2171 6.4
"1174" -1.3 -0.076 0.34 1.4565 0.6426 7
"1175" 1.26 0.1524 -0.02 -1.5329 -0.0721 6.8
"1176" -1 0.9139 -2.05 -1.5329 -1.0226 3.9
"1177" -1 1.5828 -0.18 -0.3495 -2.1402 4.8
"1178" 0.06 -0.767 2.27 -1.5329 -0.0721 4.2
"1179" -0.2 -0.076 -0.02 0.6584 0.4486 3.5
"1180" 0.79 0.1524 -0.02 0.6584 0.811 4.8
"1181" 1.53 -0.767 -0.92 -1.1696 -2.1402 4.3
"1182" 2.55 2.0328 -0.48 -0.2514 0.2171 3
"1183" -2.37 -2.5995 -0.77 -1.5329 -0.4567 4.6
"1184" 1.02 0.64 -1.51 -1.076 0.2171 4.7
"1185" 0.79 0.64 -1.36 -1.5329 0.3436 5.3
"1186" 0.79 0.3889 0.78 1.4565 0.811 5.5
"1187" 0.79 2.0328 2.27 -0.7332 0.6426 4.6
"1188" -2.37 -3.7666 2.27 1.4565 0.6426 3.4
"1189" 0.32 0.3889 -0.18 -0.2514 1.3516 3.8
"1190" 2.55 1.5828 -0.63 0.6584 0.811 3.4
"1191" 1.02 2.6645 -0.18 -0.2514 0.9618 4.6
"1192" 0.56 0.64 -0.18 1.4565 -0.0721 4.6
"1193" 1.89 1.5828 -1.06 -1.5329 0.2171 4.8
"1194" -2.37 -1.2999 2.27 0.5739 1.5866 5.3
"1195" -0.2 1.2219 -0.63 1.4565 1.7024 4.7
"1196" 1.26 1.5828 -0.63 0.1775 0.2894 4.9
"1197" 0.06 0.3889 0.34 1.4565 1.0998 3.8
"1198" 0.32 0.9139 -0.18 1.4565 0.9618 4
"1199" 1.02 1.2219 0.34 1.4565 2.2022 4.1
"1200" 0.56 0.64 0.15 -1.5329 0.6426 4
"1201" 0.32 0.1524 -0.92 -1.5329 0.4486 4.2
"1202" 0.79 0.1524 -0.77 0.4296 -0.4567 4.4
"1203" -0.2 0.1524 -0.63 -0.2514 0.811 4.9
"1204" -0.2 -0.3017 1.07 0.1775 0.4486 5.5
"1205" -0.47 0.64 2.27 1.4565 0.6426 4.2
"1206" 1.26 -0.3017 0.15 -0.7332 0.9618 5.7
"1207" 2.55 1.2219 -0.77 -1.5329 -0.4567 5.1
"1208" 0.56 -0.076 -0.33 1.4565 0.4486 4.8
"1209" 0.32 0.64 0.34 -0.7332 0.9618 4.6
"1210" 0.79 1.2219 -0.02 -0.2514 1.8194 4.9
"1211" -0.47 0.1524 0.34 1.4565 0.6426 5.6
"1212" 0.56 0.64 -0.18 1.4565 2.0662 5.7
"1213" 0.32 0.1524 0.78 1.4565 0.9618 5.1
"1214" 0.79 1.5828 1.07 -0.2514 -0.0721 4.1
"1215" 0.06 -0.3017 -0.18 -1.5329 0.9618 4.3
"1216" 0.06 0.3889 -0.18 -1.5329 -1.0226 4.7
"1217" -0.47 0.727 1.07 -0.2514 0.811 4.1
"1218" -0.47 0.64 0.34 1.4565 0.4486 5
"1219" 0.06 0.1524 -1.06 0.6584 -2.1402 3.8
"1220" 0.06 0.3889 -0.77 0.6584 -0.0721 4.5
"1221" 0.32 0.9139 -0.48 -0.2514 1.0998 4
"1222" 0.56 2.0328 0.78 -0.2514 1.3516 5.1
"1223" 0.79 1.2219 0.15 -0.2514 1.2288 6.3
"1224" 0.79 1.2219 0.54 -0.7332 -0.4567 5
"1225" 0.06 0.3889 0.15 1.4565 1.4702 4.2
"1226" 0.79 0.9139 -0.63 0.1775 1.4702 3.9
"1227" 0.56 0.1524 -0.48 1.4565 1.0998 4.6
"1228" 0.56 0.1524 -0.18 1.4565 0.6426 4.8
"1229" 0.32 2.0328 -0.33 -1.5329 -1.0226 5.2
"1230" -1.3 -0.767 -0.18 0.1775 0.9618 3.9
"1231" -0.2 0.1524 1.07 1.4565 1.2288 5.2
"1232" -0.73 1.2219 -0.63 -0.2514 0.4486 4.5
"1233" 0.06 -0.3017 -0.48 0.6584 1.2288 4.8
"1234" 1.89 0.64 -1.68 0.4296 0.9618 4
"1235" -0.47 -1.0202 -1.36 -0.3495 0.6426 4
"1236" -0.47 -0.767 1.07 0.6584 0.811 4.4
"1237" -0.2 0.1524 -0.18 -1.5329 1.0998 5
"1238" -0.47 -0.3017 -0.33 0.6584 0.042 4.1
"1239" 0.32 0.1524 -1.06 -0.4946 0.2171 3.8
"1240" 0.79 2.0328 -1.36 -1.5329 -2.1402 4.9
"1241" 0.32 0.9139 0.15 1.4565 0.4486 4.2
"1242" 0.06 -0.076 -0.48 -1.5329 0.6426 4.3
"1243" 1.53 3.9067 -0.02 -0.4946 4.4249 3.5
"1244" 0.79 1.2219 0.15 1.4565 0.2171 4.6
"1245" -0.47 -0.076 -0.48 0.1775 0.9618 5.8
"1246" 0.32 -0.3017 0.15 1.4565 1.5866 4.3
"1247" 1.26 -0.076 0.15 1.4565 -1.0226 5
"1248" -0.47 -0.53 0.15 1.4565 1.2288 5
"1249" -1.68 -1.2999 1.07 1.4565 0.4486 5.3
"1250" 0.56 0.64 0.34 0.9794 0.6426 4.3
"1251" 1.26 0.1524 -0.63 0.1871 -0.0721 4
"1252" 0.56 0.1524 -0.92 -0.2514 0.4486 4.2
"1253" 0.06 -0.53 0.34 -0.2514 0.811 4.6
"1254" 0.56 -0.3017 -0.48 0.1775 -0.0721 4
"1255" 0.56 0.64 -0.63 0.1775 1.4702 4.7
"1256" 0.79 0.64 -0.63 -1.5329 -0.0721 3.7
"1257" 2.55 1.5828 -0.71 0.6584 -2.1402 3.1
"1258" 0.32 -0.076 0.28 -1.2577 2.3531 3.2
"1259" -0.47 -0.076 2.27 1.4565 1.9398 3.5
"1260" -1.59 -0.3017 0.19 -1.5329 2.2022 3.6
"1261" 1.02 0.1524 -0.84 0.9484 -1.0226 3.7
"1262" 0.32 -0.076 -0.33 0.6584 0.4486 4.3
"1263" 1.53 0.64 -0.02 1.4565 -0.4567 3.5
"1264" 0.56 0.2846 -0.33 1.4565 0.811 3.1
"1265" -0.2 0.9139 -0.33 -1.4741 -0.4567 3.6
"1266" 1.53 -0.076 -0.33 1.1091 -0.0721 3.6
"1267" 0.56 0.0073 -3.75 -0.7332 -0.4567 3.8
"1268" 0.32 0.3889 -0.48 -0.2514 -1.0226 3.5
"1269" 0.32 0.64 -0.33 -0.1091 -0.0721 3.3
"1270" 0.79 0.9139 -0.77 -0.2514 -2.1402 4.3
"1271" -0.47 0.3889 1.07 -0.2514 -0.4567 5.3
"1272" 0.32 2.6645 -1.68 0.1775 -2.1402 4.2
"1273" 0.79 0.9139 -1.36 1.4565 -1.0226 3.7
"1274" 0.79 0.64 0.78 -0.7332 0.6426 3.8
"1275" 0.56 0.3889 0.34 1.4565 0.6426 4.4
"1276" 0.56 -0.076 -0.92 1.4565 0.2171 3.9
"1277" 0.32 0.9139 -0.63 1.4565 0.2171 3.7
"1278" 0.79 0.9139 2.27 1.4565 1.4702 5.2
"1279" 0.06 0.1524 0.15 1.4565 0.4486 4.8
"1280" -0.2 -0.3017 -0.18 1.4565 0.6426 4.4
"1281" 0.79 0.3889 -1.06 -0.7332 -0.4567 5.1
"1282" -0.2 -0.076 0.54 0.1775 -2.1402 5.6
"1283" 0.79 -0.3017 0.34 -0.2514 1.3516 5.6
"1284" 0.56 -0.3017 -0.33 -0.7332 -0.0721 5.1
"1285" 0.79 0.64 -0.48 -0.2514 0.2171 4.9
"1286" 0.32 0.3889 -0.18 0.9484 -1.0226 5.8
"1287" -0.2 0.1524 0.34 -0.2514 0.2171 6.1
"1288" -2.37 -3.7666 2.27 -1.0033 -0.4567 6
"1289" 0.56 0.64 -0.77 0.6584 -0.0721 4.1
"1290" -0.2 0.1524 0.78 -0.2514 0.6426 6.2
"1291" 0.11 2.0328 -0.48 1.4565 -0.4567 4.7
"1292" -0.73 0.3889 1.47 -0.7332 0.811 5.7
"1293" -0.47 0.3889 0.15 0.6584 0.2171 5
"1294" -0.2 0.64 0.54 -0.2514 1.0998 5.5
"1295" -1.3 1.2219 0.78 1.4565 1.5866 4.8
"1296" -0.73 -0.767 -0.02 -0.2723 0.2171 4
"1297" 0.79 0.64 -0.77 -0.7332 0.2171 2.9
"1298" 0.32 0.1524 0.15 -1.5329 -0.0721 4.2
"1299" -0.2 -0.3017 -0.92 0.6584 1.4702 3.9
"1300" -0.73 0.9139 -0.18 1.4565 0.2171 5.5
"1301" 1.89 0.3889 1.47 0.1775 1.9398 3.2
"1302" -0.2 0.3889 -0.48 -0.7332 0.4486 4.2
"1303" 0.32 0.64 -0.18 0.1775 0.2171 3.9
"1304" -2.37 -0.3017 0.34 1.4565 1.4702 5.2
"1305" -1 -1.0202 0.54 1.4565 1.4702 4.3
"1306" 0.32 0.64 -0.33 0.4296 0.2171 3.9
"1307" 0.56 0.1524 -1.06 -0.2514 0.811 3.2
"1308" 0.32 0.9139 0.34 0.1775 -0.0721 4.8
"1309" -0.47 -1.2999 -0.63 -0.7332 0.2171 4.3
"1310" 0.32 0.64 0.15 1.4565 1.5866 3.6
"1311" -0.47 1.2219 -0.77 -0.2514 -1.0226 4.4
"1312" 1.26 1.2219 -1.36 -0.2514 -1.0226 3.9
"1313" -0.2 -3.7666 -0.18 0.1775 1.9398 3.3
"1314" 0.32 1.2219 0.34 0.1775 2.0662 3.2
"1315" 1.02 0.64 2.27 -0.1091 1.2288 3.2
"1316" 0.32 0.1524 -0.77 0.6584 1.0998 4.8
"1317" -0.2 -0.076 0.54 0.6584 3.0247 3.9
"1318" 0.79 1.2219 0.78 -0.2514 0.6426 3.6
"1319" 0.56 1.5828 -0.92 -0.2514 0.2171 3.5
"1320" -0.47 -1.0202 0.78 0.1775 0.9618 5.2
"1321" 0.32 -0.53 -0.33 1.4565 -0.0721 4.1
"1322" 0.79 0.64 -0.63 0.6088 0.2171 3.4
"1323" 0.56 -0.076 -1.51 -1.5329 0.6426 3.7
"1324" -2.37 -2.0269 -0.48 1.2691 0.2171 4.2
"1325" 0.79 0.64 -1.36 0.6584 -2.1402 3.3
"1326" 0.32 -0.767 0.54 -0.2514 -0.0721 3.7
"1327" -2.37 -3.7666 -0.77 -0.2514 -2.1402 3.6
"1328" 2.55 0.64 -2.57 -1.5329 -2.1402 4.2
"1329" 0.56 0.1524 -0.48 1.4565 0.9618 3.7
"1330" -1.3 -0.53 0.34 0.6584 1.4702 4.7
"1331" -0.2 1.2219 0.15 1.4565 0.9618 4.8
"1332" -0.2 -1.2999 -0.33 0.1775 1.2288 4.7
"1333" 1.26 0.1524 1.07 0.1775 1.0998 4.8
"1334" -0.47 0.1524 -0.48 1.4565 1.0998 4.3
"1335" -0.2 0.1524 -0.33 -1.5329 0.4486 4.3
"1336" 1.26 -0.076 -0.18 -1.5329 -2.1402 3.5
"1337" 1.53 -0.076 -0.92 0.1775 0.2171 4.1
"1338" 2.55 -3.7666 2.27 1.4565 4.4249 5
"1339" 1.89 1.2219 -0.02 1.4565 -0.0721 4.6
"1340" 0.56 -0.53 -0.92 -1.5329 0.9618 3.5
"1341" 0.06 -0.3017 -0.33 -0.1191 -1.0226 4.1
"1342" 0.79 0.64 -1.36 1.4565 -0.0721 3
"1343" 0.32 0.3889 -0.63 -1.5329 -0.4567 3.2
"1344" -0.2 -0.3017 -0.18 0.6584 1.2288 4.7
"1345" 0.32 -3.7666 -0.18 0.1775 0.6426 4
"1346" 0.32 1.2219 -1.51 -1.3074 0.6426 5.1
"1347" 1.53 0.3889 0.15 0.1775 2.7409 4.7
"1348" 0.56 0.3889 -0.48 1.4565 1.7024 4
"1349" 0.56 1.5828 2.27 1.4565 1.5866 4.7
"1350" 0.32 0.3889 -0.18 0.1775 1.7024 3.3
"1351" -0.47 -2.5995 -0.48 -0.3495 1.0998 5
"1352" 0.56 -0.3017 0.54 1.4565 1.5866 3.1
"1353" 0.79 0.3889 -0.48 0.6584 1.4702 4.6
"1354" -2.37 -3.7666 1.47 1.4565 4.4249 5.3
"1355" 0.06 -0.53 0.15 -0.2514 0.4486 5.8
"1356" -0.2 0.1524 1.47 0.6584 -1.0226 5.9
"1357" -0.47 -0.3017 2.27 -0.2514 0.2171 6.3
"1358" 0.06 -0.076 2.27 -0.2514 -0.0721 6
"1359" -1 -1.6239 2.27 -1.0033 2.0662 6.5
"1360" -0.2 1.2219 2.27 1.4565 0.4486 6.5
"1361" 0.06 0.3889 0.54 -0.2514 -0.4567 6.4
"1362" 0.32 0.1524 0.34 -0.2514 -1.0226 5.7
"1363" 0.06 0.3889 1.07 -0.2514 0.4486 7.1
"1364" -0.2 0.64 1.07 0.6584 0.811 5.3
"1365" 1.02 -0.076 -0.33 1.4565 0.811 4.2
"1366" -0.2 -0.767 -0.92 1.4565 0.9618 4.2
"1367" 0.56 -0.076 0.15 0.6584 -0.0721 5.2
"1368" -1.3 -0.076 0.54 -0.7332 0.6426 4.1
"1369" 1.53 0.3889 1.47 1.4565 -0.4567 4.7
"1370" 1.02 2.6645 -0.02 -0.2514 0.6426 4.8
"1371" -0.2 -3.7666 1.47 -1.5329 1.8194 3.8
"1372" 0.32 3.9067 -0.77 0.1775 -0.4567 3.5
"1373" 1.53 0.64 -0.33 0.6584 -0.4567 5.2
"1374" 1.26 0.3889 -0.02 -0.7332 0.6426 3.3
"1375" 1.02 0.64 -2.05 1.4565 0.2171 3.6
"1376" 0.56 -0.076 -0.18 0.6584 0.2171 3.8
"1377" 0.79 0.1524 -2.05 -0.2514 -1.0226 3.8
"1378" 0.06 -0.076 -0.92 1.4565 0.4486 3.5
"1379" 2.55 1.2219 -1.68 -1.5329 -0.4567 3.4
"1380" 0.32 -0.076 -1.21 0.1775 0.2171 5
"1381" -0.47 3.9067 2.27 0.6584 1.4702 4.6
"1382" 0.79 0.9139 -0.63 -0.2514 0.2171 4.3
"1383" 0.32 0.9139 -0.92 -1.3074 -0.4567 4.7
"1384" -1.68 -1.0202 0.34 1.4565 1.3516 4.7
"1385" -0.47 -0.076 -0.48 0.9484 0.6426 4.4
"1386" 1.89 1.2219 -0.02 0.1775 2.0662 4.3
"1387" 2.55 0.64 -0.02 -1.4164 -2.1402 3.6
"1388" 0.56 -0.3017 1.47 0.6584 2.3531 4.6
"1389" -0.2 -0.53 -0.18 1.4565 0.4486 5.2
"1390" 0.56 0.1524 -0.18 0.1775 0.6426 3.7
"1391" -1 -0.3017 2.27 0.6584 1.2288 5.3
"1392" 0.79 1.5828 -1.06 -1.334 -0.4567 4.2
"1393" -0.73 -1.6239 0.78 1.4006 0.9618 4.5
"1394" -1.68 2.0328 -1.06 -1.5329 -1.0226 4.1
"1395" 0.56 0.1524 -0.18 1.4565 0.4486 4.3
"1396" 2.55 1.2219 -0.63 -1.5329 0.9618 4.4
"1397" 1.02 3.9067 0.15 -0.2514 1.5866 3.8
"1398" -2.37 -0.076 2.27 0.1775 0.811 6
"1399" -0.47 0.64 -0.02 1.4565 1.1797 4.5
"1400" 0.06 1.5828 -0.18 1.4565 0.9618 5.1
"1401" -0.47 -0.076 -0.18 -0.2514 0.6426 5.6
"1402" -0.2 0.1524 -0.33 -0.2514 0.4486 5.5
"1403" 1.02 0.1524 0.78 1.4565 1.7024 5
"1404" 1.02 1.2219 -0.48 -0.3495 -2.1402 3.8
"1405" 0.79 0.9139 0.54 1.4565 -0.0721 4.7
"1406" 1.26 1.5828 0.54 1.4565 0.811 4.8
"1407" 2.55 0.64 1.47 0.6584 2.0662 3.2
"1408" 0.56 -0.767 -0.92 1.4565 -0.4567 3.1
"1409" -0.73 -1.2999 0.15 0.1775 1.7024 4.2
"1410" 0.32 -0.076 -0.63 -1.5329 1.7895 3.6
"1411" 1.02 0.64 -0.48 0.1775 0.4486 3.8
"1412" 0.56 0.3889 -1.06 -1.5329 0.2171 4.8
"1413" -0.73 -3.7666 0.78 1.4565 2.2229 4.8
"1414" 2.55 -0.767 -2.05 -1.5329 -2.1402 3
"1415" 0.06 2.157 -0.63 -0.7332 1.0998 3.1
"1416" -1 -0.767 0.78 1.4565 1.2288 2.8
"1417" -1 1.5828 1.07 1.4565 1.3516 4
"1418" 1.26 -0.076 -0.63 1.4565 -0.4567 4.6
"1419" 0.79 -1.2999 -0.92 -0.2514 0.4486 3.4
"1420" -1.68 -2.0269 1.47 0.1775 1.5866 4.2
"1421" 1.53 -0.076 -0.92 0.0758 0.4486 4.4
"1422" -0.73 -1.0202 -0.77 -1.3074 -0.4567 4.9
"1423" 0.32 2.6645 -0.18 -1.1696 0.4486 3.4
"1424" -1.3 -0.767 0.34 -0.2514 1.1416 5.5
"1425" 0.32 2.0328 0.78 1.4565 -1.0226 5.8
"1426" 1.02 0.9139 -0.18 1.4565 0.2171 5
"1427" -0.2 0.64 0.78 1.4565 1.0998 6.3
"1428" -1.3 -0.767 0.34 0.1775 0.4486 6.5
"1429" -1 -0.53 0.78 0.6584 1.7024 5.8
"1430" -1.3 -0.53 -0.33 1.4565 0.4486 5.8
"1431" -1.68 -0.076 -0.18 -0.7332 0.811 4.7
"1432" 0.56 -0.2626 0.15 1.4565 0.4486 5.2
"1433" 0.79 2.0328 -0.33 -0.2514 0.6426 6.2
"1434" 0.56 0.9139 -0.63 -0.7332 1.4702 4.3
"1435" 2.55 0.64 -0.18 -1.3074 0.2171 4.7
"1436" 0.06 -0.076 -0.48 0.1775 0.2171 5.5
"1437" 0.56 0.64 -1.06 0.6584 1.5866 3.5
"1438" 0.32 1.5828 0.15 -1.5329 1.3516 4.3
"1439" -0.47 -1.0202 0.34 1.4565 -1.0226 4.5
"1440" 2.55 2.0328 2.27 -0.2514 -2.1402 5.9
"1441" 0.56 -0.767 -0.18 1.4565 2.5276 5.1
"1442" -0.47 -0.53 -0.18 0.1775 1.2288 4.5
"1443" 2.55 0.64 -0.63 -1.5329 -0.0721 4.2
"1444" 0.32 -0.076 -1.06 -0.3495 -1.0226 4.5
"1445" 1.26 -0.3017 2.27 1.4565 1.4702 5.1
"1446" 1.02 1.5828 -0.33 -1.4788 -0.4567 4.7
"1447" 0.06 1.5828 0.34 0.6584 -0.0721 4.2
"1448" 0.06 -0.53 -0.63 0.1775 0.2171 4.6
"1449" 1.26 0.64 -0.63 0.4296 -2.1402 5
"1450" -1.68 -0.3017 0.54 -0.2514 1.0998 5.6
"1451" 1.53 2.0328 -1.36 -0.7332 -2.1402 4.6
"1452" -0.73 -0.076 0.54 1.4565 0.6426 5
"1453" 0.06 0.64 -0.02 -0.7332 -0.0721 6.2
"1454" 0.56 -0.076 -0.02 1.4565 1.0998 4.9
"1455" -0.47 0.64 -0.18 0.1775 -2.1402 4.7
"1456" 0.56 0.1524 -0.02 1.4565 0.811 5.3
"1457" -0.47 -1.2999 -0.02 1.4565 0.811 5.7
"1458" 0.56 0.64 -0.33 0.6584 0.4486 5.2
"1459" -0.47 0.1524 2.27 0.1775 1.8194 5.4
"1460" 0.56 0.64 0.15 0.0421 -0.0721 5.5
"1461" -1 -0.767 1.07 1.4565 0.811 4.4
"1462" 1.26 0.9139 -0.18 0.1775 0.6426 4.9
"1463" 0.56 0.3889 1.07 1.4565 0.811 5.2
"1464" 0.06 -1.0202 0.15 1.4565 0.4486 4.7
"1465" 0.79 0.64 -0.92 1.0129 0.2171 3.8
"1466" -0.2 1.5828 0.15 0.6584 1.0998 4.8
"1467" 1.02 0.64 -0.18 -1.5329 0.4486 4.7
"1468" -1.3 -0.076 2.27 1.4565 0.4486 4.9
"1469" 0.32 0.64 -0.33 -1.5329 0.9618 4.1
"1470" 0.32 0.64 -0.18 0.6584 0.9618 3.4
"1471" 1.02 0.3889 -0.48 1.4565 0.9618 4.9
