1         00010100001000010101
2         00100101010000011000
3         01111101101010111110
4         10110100011001110001
5         00111100111000000000
6         00100101011001100101
7         11110111011011110011
8         11010111111001110101
9         01000101011000010100
10        00110100001000010001
11        01101101011010110111
12        11111111111111111111
13        01111100011001010111
14        10110101010010110110
15        10111101011101110111
16        00000101000010011010
17        10010101111001110111
18        10110100111000101101
19        01010101011000010111
20        10011100001011010001
21        01111101111010010010
22        10100101111010110111
23        00110101011010110000
24        11110101111011111011
25        10100001101011010001
26        00000000000010010000
27        01110101110000000111
28        11010101111010011111
29        01110101011000110011
30        10000101010000000000
31        10111001011110111111
32        00100100010000100000
33        00010101110001000000
34        10101100011010010111
35        00110101111110010101
36        01110001111000111010
37        00001101011100111111
38        00001100011010110111
39        11110101111010111101
40        01111111011010010111
41        10001111111000011011
42        11010011011010110111
43        01000101011000010101
44        10100101010000010110
45        10011101010010011111
46        00011100011010010011
47        00000000000000000000
48        11100100000010011011
49        10000101011010010101
50        00110100011010100110
51        01111111111010011111
52        10000101011000010011
53        00110001111000101110
54        01111100011010001010
55        11110101111010110110
56        11111101011010010110
57        11111111010010111111
58        00000100000000010110
59        11110101111110110101
60        11111101111111111101
61        10101001001010111110
62        00100101010011011110
63        11111101011011111010
64        11110100010011111111
65        01100101001011010111
66        00010000010010000000
67        10110101011011010010
68        00110000010000010001
69        10100100010000000010
70        10110100110011010000
71        10010101010000011100
72        00110000110010010001
73        01011101011110010001
74        11111101011011101111
75        11111101011010111111
76        10111101011011111111
77        11100101011011110111
78        00100000011000000010
79        00000101001011110101
80        10110101011010011101
81        10110100111010110001
82        01010101000001000001
83        01000101011001010111
84        11111111011011111111
85        11110101111011011111
86        11010101010010001110
87        10011101111010111110
88        11100111011010111111
89        10101101011010001110
90        00000101011000011000
91        10010100001000010011
92        10110101111010110011
93        00010001010010010111
94        00000100000000110000
95        00110101011100110111
96        10110101011010010000
97        01111100010010010101
98        10111001111011011011
99        01111111010010010111
100       01000100010010010110
101       00100101010010000001
102       00000001011100111000
103       00100100011010010001
104       00011100011100100010
105       01110101011010010100
106       01110111111011111100
107       10010001011011010011
108       00010101111010001101
109       10111101011011110111
110       00110111011000011101
111       01111100011010010110
112       11111101111110111111
113       10010111000000010111
114       00110101011010010101
115       11111101111101110111
116       00010100011000010000
117       01100111111010110111
118       10110101011001110111
119       01101100011011011110
120       01010101011000101011
121       11110101111010010111
122       10100101111010111000
123       00100100000000000000
124       10110101111010111101
125       00000100001100000010
126       11110110111001111111
127       00000001101000100010
128       10100101111111111111
129       10110101011000010011
130       11110101111010011110
131       00000000000001010010
132       10000101010000100100
133       01110001111010010110
134       11010101111011011101
135       10101100011000010100
136       00110100011011110111
137       00010100111000011001
138       10000101010010010110
139       01110101011000100111
140       10001101011000010110
141       00100101011010010110
142       01111101111001110001
143       00010100001010010001
144       00101100000100011110
145       01000101010010010000
146       11111101011010011110
147       00110100011010100001
148       00100101011000010110
149       00111100011100001011
150       10110101011000010011
151       10100101011010111101
152       11111101111010110111
153       11110101011010010010
154       01100101011000010100
155       11111101111010011111
156       11110111011010011111
157       10111100110010010011
158       00011101111110011111
159       10100111100000110110
160       11111111011111101011
161       00010000011010010100
162       00000000000000000000
163       11110111111011111111
164       00111101111000110111
165       10110100111011110101
166       01100100011010000101
167       00010000110000000111
168       00110100011010010000
169       01100101011010110110
170       11101100111000110011
171       00100000010000010100
172       11010101011001010101
173       00101101010010110110
174       11010101111010000001
175       00100100010000010000
176       00111100010000000000
177       00110101101001010111
178       00010100010000000110
179       00110000110011000110
180       10100100000000010100
181       10100100011010101111
182       10100001001010010110
183       01011100111010010001
184       00010111111000111101
185       00111111011101111101
186       00111101110000000011
187       11110101111011110111
188       00100101011001001110
189       11110101011010111101
190       10001100000010000100
191       00100100010000000000
192       01111111111010011110
193       11111111101001010110
194       00110101001000010000
195       11111101001101011011
196       10010101011001011001
197       11101100011000101010
198       10010100011000001000
199       10110100010111011011
200       00110101011000010100
201       00100100010000010001
202       00110111111011110111
203       00100100010000000100
204       00111101110011110111
205       11110101011001011001
206       11110001111010010101
207       00010101000010110001
208       11111111111111111111
209       10111101101010011100
210       11110111111011010111
211       00101101011000110001
212       00100100011010011001
213       10110100010010010001
214       11010101010000010110
215       10000001010000010100
216       01111100011110110011
217       00000101011010111100
218       10110111011110111111
219       00000101111000001101
220       10110101110010110010
221       11110101011011011101
222       11110101011110100111
223       11100101010001010011
224       10110111111010100010
225       11100101011010100100
226       01010001001010010001
227       11011101011011110110
228       00110111011100011101
229       01100101010000010000
230       10100101011000111100
231       11101100111000110001
232       00001101010000010100
233       10000100010010011110
234       11100101011010010001
235       10010101011000110111
236       00100100010000000110
237       11110101111010110111
238       11111101011110111010
239       00000000000000010100
240       11110111111011111111
241       01100111011010110010
242       10011100000000110010
243       00100100011010010110
244       00111100011101001110
245       00000110010000111111
246       10110101111101010111
247       00000000000000000000
248       11110101011001111111
249       01100100001000010001
250       10110100001000000110
251       10100101000000111010
252       00010001000010000101
253       00000100000000000000
254       10000100101011110000
255       00111011011011111000
256       11111111011010111010
257       01111101011010111010
258       00000000011000010001
259       00010101010000010110
260       11111101111011011111
261       00100000001000010000
262       00101101011010011011
263       10110101000000010110
264       00100101000000000000
265       00100100011000000100
266       00100001011010011010
267       11000101001010010001
268       11111101011001111111
269       01100100010010000000
270       00110101001010110110
271       00110000001000000001
272       10110100011000000110
273       11110101011000110011
274       00100100011000110110
275       01110100010000000010
276       00101110011010010100
277       01110110011001110100
278       01110101110000110010
279       00110101111000011001
280       10110101011000000111
281       00000101110000000100
282       11010111111011110001
283       00001101000010000000
284       01111110011011110110
285       10100001011001010101
286       00110100011000000111
287       10001100000010010000
288       10100101011000010111
289       11001100111110110110
290       01110001101010110101
291       10110101111101111110
292       00001101010010010001
293       10100101101010110000
294       10110100011000010111
295       01100101111011010111
296       10110111111010111111
297       00010100010001000000
298       10110101010001010001
299       10010100011000110000
300       11110001011010111111
301       11001100101000111001
302       11110100010011111111
303       00000101000010100110
304       01010101110000010000
305       10100100011011110011
306       11111101110010110110
307       00110100010010100000
308       00110100011000110000
309       00010101101000010100
310       11100101011011111111
311       00110100011010000000
312       00000101011000010000
313       00000101011010000000
314       00100101000000000000
315       11000100111011010110
316       01100100111000000101
317       10111101111001010111
318       10110110010010100011
319       00000101010010100100
320       01110100111001010110
321       10111101011000010100
322       00110101010010100100
323       00000100010000010010
324       10110101110000011110
325       01010100001000010110
326       10111100011010010010
327       10101101111110010110
328       00110101110001010111
329       01010101111001111101
330       00110101001000000000
331       00000101010000111100
332       10111101111100011101
333       11111101111011001110
334       01111111111011111111
335       10111101011111111101
336       00000101000010010100
337       00110111011111011011
338       11110101001010011010
339       00001100110011111010
340       11100101011000010101
341       00110101010001110001
342       01100000011000110100
343       10100111011010011111
344       01100101111010110001
345       11110101111011111101
346       01110100011000100100
347       00111101011011100000
348       00111100000001010011
349       10100111111111101101
350       00100000011010101000
351       10110111011000001000
352       00000101011000000000
353       10110101111000011101
354       00101101011010010010
355       00100000001000010000
356       00110101111000010011
357       11110101111011011011
358       10100101011110010111
359       01111110011011111111
360       00011110011000100110
361       10001100111000010010
362       11111111111110111111
363       00000000000010000100
364       10111100010010010001
365       00111100011000010110
366       10000101011110010000
367       11110101011010110011
368       10000101010010010101
369       00100100000000000000
370       10010001010000010110
371       01110100010000110111
372       10111101011000110101
373       11010101111000110001
374       00000100010000000000
375       00010101010010011110
376       10111101111010111101
377       10101101011000010011
378       01100101000000000100
379       00110101011000011000
380       10110111111110110101
381       00100100010000010000
382       11110111111110111111
383       00100101010010011000
384       00100100011000000000
385       00110101111010010111
386       10111000011010010100
387       00000001000001110000
388       11010101011010000000
389       11000101011100110111
390       11111111011110011110
391       01010101011011010110
392       00010101111010110110
393       00010101011000011001
394       11101101111000010111
395       10010101011010011101
396       10110101011010010110
397       01110111011111111111
398       10101101011000110110
399       10000001000000011000
400       00000101011000110010
401       10101111110011011110
402       00010001111000110100
403       00001101011010101100
404       11111101111110111011
405       11111101111011111111
406       10000100000010010110
407       01011101011000010010
408       11110101111100111010
409       11110100010110000011
410       00011101011000110100
411       10100110010000100101
412       00100100111000100001
413       00100000000000010000
414       10100101011010110110
415       01100100000000000000
416       10000101001000010000
417       11101100011000011101
418       11110101111000111111
419       00000000011001001101
420       00001100010000010101
421       10111101011010010110
422       10101101111010111111
423       00011101111011011100
424       10000111001010010000
425       00000100011001000100
426       11111101010010010111
427       11110100010001010101
428       00010101010010111101
429       01110111010000110010
430       11110101111000110111
431       10110100110000001101
432       01110100001011111010
433       00100100000010010100
434       11111100001010000010
435       10111101010001010100
436       00100000001000000010
437       01101100111100010010
438       00000101010010110101
439       11110111111110010100
440       00111101011010001001
441       00010101011010000100
442       10110000011010011010
443       00100101100010000010
444       10111100111011110101
445       00000100010000100101
446       00100111010000001101
447       01011101011010001000
448       11111101011010111100
449       01010100010000010101
450       00111111111101011100
451       01000101011000010110
452       00110101001011000110
453       10100111011000011110
454       10110101000000110000
455       10101101111110011001
456       10111101011000011110
457       10000101011010011111
458       11110101010001010101
459       10010100011111110101
460       00000111011000011010
461       11100101000000001100
462       11110001011000000000
463       00010000001000000101
464       01010101010011010000
465       00000100001010000001
466       00100101011010101111
467       10000100011010100000
468       00101100111000000001
469       00110101010000010101
470       01111101011111110101
471       10111100011000010100
472       11100111111000010100
473       10111101011010010001
474       00110101111010001101
475       10100101111110111110
476       10100101111010111101
477       00100101111001010101
478       10111110011011111111
479       11000101011011010100
480       11100111011010111111
481       00101101010000110100
482       11111111110000011101
483       00110101111010111111
484       00110101011000010111
485       11110101111010110111
486       11111111111010010011
487       11110111111010010001
488       10110101101110011101
489       00010111011110010101
490       11101101110010010101
491       10111100011010111111
492       01000100001000010010
493       11111111011111110111
494       10111111011000101111
495       10000101011010111111
496       00010101010000010010
497       00000000000010010000
498       10110101100010010100
499       01110101011000010110
500       10100101111011010110
