1         00000100011000011100
2         10111111111100010111
3         00110100101010010001
4         00000001001000000000
5         11011100011010111011
6         00110100010010100111
7         00010101101100100101
8         00011100001000110001
9         01110100111000110110
10        11110101110010011110
11        11111110011010000111
12        10101111011011111110
13        10011111111010110101
14        00110101011000010101
15        00010001010010000000
16        10111101110000010111
17        00110110111010110001
18        11101101111010011111
19        01110101111011100111
20        10110100011011100111
21        11000101001000001110
22        00110011010000111110
23        10100100011000110000
24        10101101011000010111
25        00101101011000010010
26        10000000000010000010
27        11111100111010111111
28        11111101011010110111
29        10110010000000000101
30        10000101011000010001
31        11111101111011010100
32        00110101111011111110
33        00110100011110011110
34        00110100011110110111
35        00100100011110110000
36        10010101010110011001
37        10100101011000000000
38        11110101111011010110
39        00000001011010010100
40        00000100011000000100
41        11111101011100010001
42        00010101111110011111
43        11110101011011010111
44        10100100001000001000
45        10100111111000000110
46        00100000010000110000
47        11110101111000010000
48        11111101101001010001
49        01110101111010011110
50        10011001011010000110
51        00110101011100010111
52        00100100010000010000
53        11000101010010010010
54        10100101010000000100
55        11100100011000101001
56        10110100010010111111
57        00110100001010011000
58        00010101000010111001
59        10111100011010001100
60        01111101011000010111
61        11110101011011010011
62        00110101010001000001
63        10010110111010111110
64        01000101001010001100
65        00110111001010111111
66        00100100011010011000
67        00000001011000010000
68        00110101111000100010
69        10110101011010010110
70        01111000011010010101
71        01110100011000000001
72        10110111111001111111
73        00000101011110110100
74        11110111011011111101
75        10110101001000010001
76        00000100011000000000
77        11010101011011011101
78        00000100001000010000
79        00111101100010010100
80        11111100011001010011
81        11110101111010111110
82        11111111110011111111
83        11111111111011111101
84        11010101111011011100
85        10100001011001110000
86        00000001000000110000
87        11110101011010110101
88        10111101001110010011
89        00110101001010000010
90        00000001011000010000
91        10101101011010010011
92        00100101011010000101
93        01111101011000011110
94        11110101111010010011
95        00010100001010011101
96        00110101111000011110
97        11001100111011000000
98        00110001000000011001
99        00010100010011110110
100       11100101011110011110
101       11110101010000101101
102       10110111010010010111
103       10000101011000010110
104       10111111111111011111
105       00110100011010010111
106       11111101010010110111
107       00011100000000000010
108       10110101010101111111
109       11111111111011110111
110       10101101111011010111
111       10111101011010101111
112       00100101011000010100
113       00100101011000110000
114       11010101011001011110
115       10101111111011110111
116       01100000011010011100
117       00100111111100011111
118       11100101011000100100
119       10000101111010110010
120       00111100011010110101
121       11011101010011110111
122       00100101001010011100
123       01101101011011110111
124       00111111011010110101
125       00110100011000110101
126       10010110010000001100
127       01111111111111010111
128       11111101010010011101
129       11111101011001010010
130       00110100010010010110
131       00000101011000110100
132       10110101001010010010
133       11110100011000001000
134       01110101011010010010
135       10010101011000111100
136       10011101011001000100
137       00111100011010010011
138       10000000000000000000
139       10011101011010000000
140       10010100110000011110
141       01110101011010110101
142       11100101011011111000
143       10111101001010011011
144       11111111011010011101
145       00011101010011011110
146       00010101011010110100
147       00000101011010011110
148       10010100010010110100
149       11111101010000001101
150       10011111111011011110
151       01111100000001110000
152       10110101011010111111
153       11110101011000000100
154       00000100001000000000
155       00110101111000111110
156       00110111001011011100
157       10110001110000011010
158       00111101111011011111
159       00100101010010010010
160       10100101011000100100
161       10111101111010000111
162       00000000011000000110
163       10110101011110110001
164       10000111011010000100
165       10101100011010011100
166       11011101011010110111
167       00110100011000010000
168       00100100011000110100
169       00110101010000101011
170       00110101000001100010
171       10110100111010010001
172       10110101111111111101
173       11001100001000010000
174       10000100000000011100
175       10110100111010010000
176       01110100011000010100
177       00110111000001011111
178       11010101011010011101
179       00000100111010111000
180       10010000010000011000
181       01100101111010000000
182       11111101111011111111
183       00111111111011110110
184       01111101111000011000
185       01110100011000110100
186       11110111110011111011
187       11111100111011110111
188       01100111011010010101
189       11110100011000110111
190       11101101111011010111
191       00010101000010001100
192       10110101011011111101
193       10110100000000000101
194       00110101011000011001
195       11111001111110100111
196       11111101111011111110
197       10100100011010010010
198       01000101011000100000
199       11011101011011111110
200       00101101011010010110
201       00100101010000010001
202       01110111111010001111
203       11110111011001101101
204       01010101010010011001
205       00111111001000111111
206       10110100010010000001
207       10000111001000110100
208       00110100110100111010
209       10111111111011111111
210       11100101011110000010
211       01000101011000001100
212       00010101011010110001
213       11110101010010110111
214       11101101000010111110
215       01010111011011111100
216       10110100010000011110
217       00110000010010011010
218       11110101100000010100
219       00100101011000010010
220       11100101011000010111
221       01111101111111011111
222       00100101011000000000
223       11010111011010001111
224       01001000010000001000
225       11110101111000010100
226       00000100001000110000
227       00111100010001110000
228       00000000110000110010
229       00110101111011010101
230       01110100000000000100
231       00000100110010000000
232       00100101000010010010
233       10100100011101010110
234       10110101001110010100
235       01000100001000000010
236       10000100111000010000
237       10101101111010111110
238       01110100011000010110
239       11110111011010111111
240       00000100010000000001
241       11101101111000110111
242       10101001010010010001
243       00000101111010110010
244       00110111011010111100
245       11110101101000000011
246       01111111010010111111
247       00010101010001110100
248       11100001001011110100
249       00111101011000110111
250       11111101011000010101
251       01101101011000010101
252       00100101011000010100
253       01011101101000011000
254       00110101111010111111
255       01110101011000110100
256       00110101010000111101
257       00010101010000010100
258       00011101010010010110
259       01100100010010100101
260       00100100011000011010
261       11110111111111111111
262       00100100111000010110
263       01111101011010110100
264       11000101011010000010
265       00000000011000010000
266       00100100110010011110
267       01010000011100000011
268       11111111011010010111
269       11110101010110011101
270       11110111010010000111
271       00000101000011010000
272       00100100010000011101
273       11111101011110110000
274       11111111011011011101
275       11100110101010111111
276       01100101111100100101
277       11100101101011000101
278       11111111011010111110
279       00000101011000110101
280       11110101011110010101
281       10011101111000111111
282       01110101111000010110
283       11100100000001000000
284       10100100010001000110
285       00010100000000110001
286       00000101111000111000
287       01011101011000010101
288       10110101011010111110
289       00010101011001010100
290       00000000010000000110
291       10110101011010101110
292       01110100111000110111
293       01110111011000110111
294       01111101011011011110
295       11000101011010010110
296       01111111111111110101
297       00110101101010111100
298       01110111011010110011
299       00110101111010011100
300       11111111011010010000
301       00100001011000000100
302       00010100010000010000
303       11010101011001110101
304       10100000010000010010
305       01110100111010011110
306       10111100111111011111
307       00110100111000000010
308       00100101011010010000
309       00100101001000010000
310       10110100111010110100
311       00000001010000000000
312       00100101000110010000
313       00110100111010010011
314       11110111011010111101
315       01101000001100010110
316       00000100001000010100
317       10010001111000010001
318       00111100010110010001
319       11111111010011011111
320       00100100001000010000
321       10000101011000110100
322       10001100001010100000
323       00010100010010000000
324       01000000000000110000
325       01110100010010010100
326       00100100000000000100
327       11101111111111111001
328       00101100011010000000
329       11111101001000010100
330       10000100000010010010
331       00101100111000011001
332       00011101011010110110
333       11111111111010110101
334       01010100111010111110
335       00110101010011111111
336       00100100100010010100
337       00000111011000010111
338       00110100011011010111
339       00011000001000000001
340       01100101011010010100
341       00100001011000110000
342       00110101011000110010
343       11010000011010111111
344       00111101011010011101
345       01110101011010010110
346       11100101000000110110
347       11110100011000110110
348       00001100000000010001
349       11110101010000010011
350       00110101111000000101
351       10110101011000010111
352       00100100001011010110
353       11110000011010010110
354       10100100010010010000
355       10011101011000110000
356       11000100010000011001
357       10111111111011010111
358       10110101011110010101
359       10110100111011011101
360       00000000000000010001
361       01110101011011110101
362       01010111011011000000
363       11111111111011111111
364       10110100011000011000
365       00110101011000010010
366       11010101110000111111
367       11111111011010010111
368       00101101010010110101
369       01111101011000010100
370       11110101010100111111
371       01100101011010011111
372       10110101110110110000
373       00010000011010110000
374       00010110111010010010
375       11110101111011111110
376       11100110001010110000
377       10110111011000111001
378       10000100011000010111
379       01010100111011011100
380       11011001110000000110
381       00010101010010011011
382       01100111111010010110
383       11111111111111111111
384       01101101011000110001
385       00000100000000000000
386       01110101110001110000
387       11100100011000010011
388       11111111011000011111
389       00110001011010001110
390       10111101111001110110
391       00111101111110111111
392       01011001111010000000
393       11111101111011111110
394       00000100000000000000
395       00000100010000010100
396       00010100011000010000
397       10110101010000010000
398       00000100000010000010
399       00110101010000010000
400       01100100011000010100
401       01010100011010011111
402       11110111111011110011
403       11000111011010010111
404       10110101111011111111
405       10000101001000011100
406       00010001011000110010
407       00100100010010010001
408       10000101011010011010
409       10110100111010011110
410       11110100110010111001
411       10011011111111010110
412       00011101011111010111
413       11111100111010111111
414       11100010001000000111
415       10011100111000010000
416       01110100010000010001
417       01001111111111111011
418       11111101011011010100
419       00000101010000010000
420       10111101011000011100
421       11011111011110011111
422       10011101111000110001
423       10100101010010010000
424       00110100111001100110
425       10110100110000010110
426       01010111111100000110
427       11111111011010111111
428       00000101011000111010
429       00100100001000010110
430       00101101111000001110
431       01010001011010010000
432       10110100011011010110
433       01100101011000010000
434       01111101100001110000
435       00100000011010001000
436       11010101010010010010
437       11111101111011111110
438       00000101011000000100
439       10110101011010110101
440       01100111111010000101
441       00010100000000000000
442       10111111011011101100
443       01001101011110110111
444       00000000010000000000
445       10111101111111111111
446       01010101001000010000
447       00010100011010010010
448       11110100111000010001
449       01010101001000001100
450       11110101011110010110
451       11010100011010110001
452       11101111011010110101
453       00100101011000010100
454       11000100011000011010
455       11101001111010011100
456       00000101011000110100
457       00010100011010110110
458       00111111011010010101
459       10111101111010010100
460       11010100001000010111
461       00000100011000010100
462       10111100011010101010
463       01010101111011011111
464       10110111111010111111
465       10000100001010101110
466       00100101111011010011
467       00101101011010011111
468       11111111111011111110
469       01100100011000111110
470       00100111011010010100
471       01010101011011111100
472       01101101010011110110
473       01110101011000000100
474       11111101111011011110
475       10110100011010010010
476       00010100010000010010
477       00000000010000000010
478       11110111111011111110
479       10000100010000010010
480       01101101011000111101
481       10110111011010010110
482       10100101011000011110
483       11110100111010111110
484       10001101011010010000
485       10010111010011010101
486       00000100110000000000
487       11100100011001111101
488       00100101011010010101
489       00100111011010110101
490       10110100000010010010
491       10011101111011110111
492       11011101111011111111
493       00100100110000010100
494       11110111101010111001
495       10110111011010110111
496       11111100011110110111
497       01110111011010000110
498       11110101001010110110
499       10111100111011011111
500       01010101011010110000
