1         10111101010010010000
2         01011101111010111100
3         10110001000010000100
4         00110100010000100010
5         11111111111010110111
6         10100100111010010100
7         00100101010010110100
8         10000100110010111010
9         10111101011010111101
10        00110101011001010110
11        10111101111011110100
12        01110101111011011111
13        00110001010000111100
14        10010101111001101100
15        10000100011000010000
16        10110100111110100110
17        10110101011010010110
18        00111101011110110101
19        00110111111000010001
20        01110101011000110000
21        10010100010000110010
22        01010000001000010011
23        00110001001000110010
24        10110101011010111111
25        00100101010000000110
26        10010100010000010100
27        10111111011010111111
28        01110101111010110111
29        10110101011010010010
30        00000100010000000100
31        11111111111011111111
32        00111100011011010100
33        00111100010000110001
34        01110101011010110110
35        00110110010000011110
36        11010110010001000000
37        00100101011000011100
38        10111101011011111011
39        11100100011001000000
40        10110100011000010001
41        11110101011000001100
42        11111100011000011111
43        11100101011000000101
44        00100000011000010000
45        00100101010010010010
46        00010001010010101000
47        00101101011010100001
48        11110100011010010111
49        00100111111000011110
50        11110100101010110100
51        11100101001001010110
52        00000001001000000000
53        10010100000000000010
54        11011101011110010001
55        11110100001010110010
56        11111101011010011111
57        00010101010000010100
58        11010000010000010000
59        11110110010000110111
60        01100100011010011111
61        10110100011000011100
62        00010101010000011000
63        11110101011010110110
64        01000100001000010010
65        00100101111001110101
66        00010001110000010101
67        00000000010010000000
68        00100101011010000010
69        01111110011010010010
70        01010100010000111110
71        00100100011001000000
72        10111111010111110100
73        11101100011011000000
74        11111111111110111111
75        10000100000000001110
76        00100100000000010100
77        01110100011010110011
78        00010000000000000011
79        00000100011000010011
80        01100101010100111111
81        11110101111011110110
82        11110111011011111111
83        11111111111011111111
84        00100111010010000101
85        10000111001000010000
86        00000000000000000000
87        01111001111010010101
88        10110100001000110000
89        00111100001000010100
90        00100000010000000000
91        10110101111011011110
92        00010101011000010000
93        10110101010010111011
94        11010101011000001011
95        00000101110010110101
96        00110000011010011111
97        10100101100010010101
98        00000101000010010000
99        10010111011000011100
100       11111100011011010101
101       00110101011000000101
102       10110101111000011100
103       10110101010010010100
104       11110111111011111111
105       11100100011010010100
106       11111101111000011110
107       00000100010100000000
108       01110100011110010110
109       11100101111010011110
110       11000001011001110111
111       01101101111001011101
112       10011001101010010100
113       00010101000000000001
114       00111111101011111111
115       11110101011010111111
116       11110101011010000001
117       11010100011000001111
118       11011101011110011101
119       00100100010000011000
120       00000000010000010100
121       01110111000010011010
122       00101101011010101100
123       10111100010010111111
124       01000101011000010100
125       00110100010001110010
126       00100101101010010000
127       00010110001010110101
128       10001101011001010000
129       11110101011001001100
130       00110101011101011100
131       00100101111000010100
132       00000101111000110101
133       00101000010000000100
134       10100011011000010110
135       00110100010010010111
136       00110100010010000100
137       10010001110001110001
138       00010101000000001010
139       11110101111010010110
140       11100101010010110110
141       01110101011011010110
142       11100101011010110111
143       00100100111000111101
144       11111110011110111111
145       11100100011010111111
146       01011111010010110000
147       00110100011010000001
148       00000101010000000100
149       01111111011001111111
150       10011101111001111011
151       10010101011000010100
152       11111101111000110111
153       00000101010010010001
154       01110100011000111000
155       01110101011010110111
156       11010101011010111111
157       00100101111000110100
158       01110111111010111111
159       00110101011000010100
160       00000101010000011001
161       00110101011101110111
162       00110000011010010000
163       10110101111010110111
164       00100100011010111000
165       10110001110011110101
166       11111101111010100111
167       00000100111000100100
168       10000101111000110011
169       11110101011110111111
170       01110101011001010100
171       11101111111010010111
172       11111101011011110111
173       00000100000000010001
174       00100000001000000000
175       00010101010000000000
176       00110100011010110111
177       01110100100000110001
178       10111111001010010111
179       01100101011011010110
180       01000100000000000001
181       01010101000000010110
182       01111101011001111111
183       01101111111011110101
184       00101100011000010110
185       10110101011010110110
186       11111101111111011111
187       10111101111011111111
188       11111111010010111101
189       01010101111010110101
190       11110101011011011110
191       01100000101000010110
192       10111101011010110111
193       00100101001010000101
194       00000100110000010001
195       11110101111010111110
196       11110101111111110111
197       00000011001001010001
198       01111100110000010110
199       11111111011111110011
200       00110100010010011001
201       00100101011000010111
202       01110111111011000111
203       11011101011011011111
204       10111100011011010111
205       11110101111010111110
206       11101100011010011010
207       01100101111000010100
208       00000101010000010110
209       11111111111111011111
210       10110100110011100100
211       00110000011010010100
212       00110100011000110110
213       11101101011010111100
214       10110101011010011101
215       01111100111010110100
216       00111100011010010110
217       00100101010000001000
218       00110101011001110110
219       01100100011001010100
220       11110101010000000000
221       11111101011110001111
222       00010001010000010000
223       11110101111010111111
224       01000100011000010010
225       00110100101000011110
226       00000100010000000000
227       00000101000010010000
228       00100001111000010100
229       10001101011011110110
230       01111001001000110000
231       00000001001000010000
232       00100101000000010100
233       00111101011010110101
234       11100101111000010001
235       11100100010000010001
236       01100100100001010100
237       11110111011100111110
238       00110011011010010100
239       11110101111010010111
240       01100100001000000000
241       10110101011010011000
242       01101100001001111100
243       10100101111110110111
244       00101101011000110111
245       11110101011010011100
246       10110101110010111111
247       10100000011110011100
248       01100001001000111011
249       11100110010000011111
250       01011101011100110100
251       00000101011010000111
252       00011101011011011100
253       00100001011010010100
254       11111101011001111011
255       00000101011001010010
256       10110101110010011011
257       00100100010010010010
258       00100101011000010000
259       01110100011010011101
260       00000101011001010010
261       00110111011010011110
262       10001101010010010110
263       10111101011011010111
264       10110100111000010100
265       00000000010000010000
266       10000101011010001000
267       01000101000000000100
268       11101101011010111111
269       10011101011010011111
270       11010101111010010111
271       10000100000011100000
272       00100010010000010000
273       10011101010010110111
274       01111101111010011011
275       01111101110001111110
276       00100101111010010010
277       10000100010000110000
278       11111101011010111110
279       00100100010010010100
280       00110100010000110111
281       10101001011000110101
282       01010100011010010001
283       10000101011000010100
284       00010100000000000001
285       00000100011000000000
286       00000100011000010101
287       00101101010000000001
288       11100101011000011101
289       10000100011010010100
290       00101000010000000110
291       10111101111000110100
292       10110101011000011111
293       00110101011111011111
294       11111101011011010001
295       10100100110010000010
296       11111111111010111111
297       11100100111011010010
298       11111001111100111111
299       00111001111011010111
300       01100001111000110110
301       00100100000000010000
302       00000000010011011011
303       01011101011000110011
304       01000101001010010000
305       10100101110010111010
306       10101101111111111111
307       10110101011000011000
308       00000001010000000100
309       01110110011000000000
310       10111110111011011111
311       00000000110000000001
312       00100100011100010011
313       10000100111000110100
314       11100101111010010110
315       11010001011110000000
316       10000100010010000100
317       10110101010001111101
318       10100111111010011010
319       11111101111110111101
320       10010101000000011000
321       10001100011010000100
322       10110101011001010000
323       01100100000000000000
324       00000100010000000110
325       01010111011010000111
326       00001101011010100110
327       11110101111111111111
328       01110101001000010000
329       11111111011001001101
330       00100100010010010100
331       10100100011010010100
332       01110101111010110110
333       10111101011110111000
334       10100101011000010000
335       11110001011000011111
336       00000100011000110000
337       11110101010010011101
338       00111101011110011011
339       00000101010010000000
340       00110101011000000100
341       10000010011000010000
342       00110101011110101111
343       10110101011000101011
344       10100110001001010100
345       10101101011011000110
346       00011101011010011111
347       00100100011000001100
348       10110101011000010101
349       11010100110010001111
350       00110101000000000000
351       01110100001010011101
352       01100101010000011110
353       01000101011010010000
354       10000101010000000001
355       01111101001010011110
356       10101101111000000001
357       10101111111110011111
358       11111101111011110111
359       01101000011010110111
360       11100101010000000000
361       10010001011110000110
362       01111100011010001001
363       11111101111011111111
364       00110101111000001000
365       01010100001000010000
366       00110101111011011100
367       01111101011010111110
368       00100100011000000000
369       10110101011010011111
370       00110101101011110111
371       11001101011010010110
372       11111101111001011110
373       00000101011000000000
374       00010101000000000000
375       00111101010001010010
376       10110101010110011011
377       10100100010011111110
378       11110100011010010000
379       01110101011000011101
380       01111111111110011110
381       00101100001010011100
382       00110110011010000111
383       01000111111111111110
384       10110101111001001100
385       00000000010000010000
386       01110101011010010111
387       01110101011010100111
388       10100110101010111011
389       01110111000010110011
390       11101101010000111001
391       01111101010011111110
392       00000101011010110111
393       11011111011110110110
394       00000100000000000110
395       00000000011000010000
396       00100100011000011010
397       11000101111010010000
398       10111101110011010000
399       00000000001000010001
400       00011000011000110010
401       00110100011000101100
402       01111101011111010111
403       00111101010011111010
404       01111101111010111111
405       10010101001000110011
406       10111101011110010100
407       00000100011100010101
408       10111101011001010110
409       01111101111100111111
410       00101101001001010000
411       10110101011010010000
412       10110101011011010111
413       10101101011100111111
414       00100100010000010010
415       11110100010000011110
416       00000100001000110001
417       01101111011010011011
418       11111101111011011101
419       00101000010000001101
420       10011100011010110110
421       11110101111111111111
422       11111101010010011001
423       00010101010110010010
424       00100100101010111101
425       01000100011000110001
426       10110101111010110110
427       01110101011101111111
428       01110110010010000100
429       11000101010011001010
430       10100100011010010101
431       00100101011011010110
432       00001100011010011101
433       00000000011001000010
434       01111101111010110110
435       10100100010000000010
436       10100100011010010000
437       11111101111110111111
438       00010101101000000100
439       11110100000010111100
440       10111100010100110111
441       00000000011000110000
442       01110101111100110110
443       11111101011010111111
444       00100100001000000100
445       11011111111011110111
446       00000100111000100010
447       00100101011010010000
448       01111100111010111111
449       10110001011000000010
450       11111101011011010110
451       11010100001000010011
452       01010101101010001111
453       00111100111000000000
454       10010001011010010100
455       10010100011000010110
456       00010000001000001000
457       00100100011010001110
458       00111110011010010111
459       10100110011010111010
460       11111000011010110010
461       10000100001000100000
462       00101101111010110001
463       11010101111001010111
464       11110101111111111101
465       01100100011010010010
466       00101101011000111000
467       01011001010000000011
468       11111111111111111111
469       11110100101110011001
470       10011101011000010101
471       00111101011010011111
472       11111101101010101001
473       00110101011010100001
474       00111101011010010110
475       11110111001001110011
476       00100001000001010000
477       00101101001000000111
478       01111100011001111110
479       00100100110000010100
480       11110101111110010111
481       10110111111010001111
482       11110101011000110110
483       10111101011100011011
484       00010101011000011101
485       00101101010000000101
486       00000000000000001000
487       11101101011111011101
488       10010101010000010111
489       00111101010000111110
490       11110000011000110010
491       11010101111011010110
492       11110111011110011111
493       00001001010010101100
494       11110000111000110111
495       10110100011100110010
496       10010001011010110010
497       10110101011000001101
498       01100101010010000110
499       10111101110111011111
500       10100101111000000100
