1         00010001000000010011
2         00100100010000010010
3         00110111111011111100
4         00010100010000000000
5         00110000011010010010
6         11010101010000010111
7         11110101011011111111
8         00111101011010111111
9         00100101000000000000
10        00100100010000010110
11        01101111101011100110
12        11111111111100010111
13        11100100001011110111
14        00011101010010010010
15        11111101011010011100
16        01100000010010010000
17        10110101001010011111
18        00111111011010010010
19        01100001011010010101
20        00011100000000110010
21        10110101010010011110
22        01000111111010010111
23        00011100010000110100
24        11011110111111111111
25        10100101000010010110
26        00000000010000000000
27        11110101011001111111
28        10110101011100111101
29        01110001001010100010
30        00100101011001010001
31        00110100111011110111
32        00100000000000000010
33        00110101011010011100
34        10111101111010010110
35        11100101010110010110
36        01100101011010110101
37        11110101011011010111
38        01110101011010001011
39        11111101111110011101
40        10100101011010111111
41        11110110111010110111
42        00111101001000110001
43        11111100001000011001
44        01000100000000010100
45        10111101101010001010
46        00000000000100000101
47        00000100000000000000
48        00110100111010100001
49        00000101001000010010
50        00100100011000110111
51        11011101111110111111
52        11111101011010110111
53        11101100111010101010
54        11100101000010010101
55        10111110111000101111
56        00111100011010010110
57        11101111111011111100
58        00000100100000000010
59        11011110101011111111
60        11111111111010110111
61        10000101010111111101
62        00000101011110011001
63        11111111011010011111
64        00111101011010110110
65        10010101011000110011
66        00010100010000010001
67        00110101111010011101
68        00100100011011010011
69        10110000011010000100
70        10001101011010111110
71        00010100011000010101
72        00000101011000010111
73        00010100011010001011
74        01111101111110111110
75        11110101111010011011
76        11010101011011011101
77        10100111011000111111
78        00111100001000110010
79        11110101111010010010
80        11111101111000010111
81        11101101110000110010
82        00100001111010000001
83        01000100010000010001
84        01111101011010011111
85        11000101101010110101
86        10110111011010010111
87        10111101111011011111
88        00100101011011111101
89        11111101011010011111
90        10110100011010010110
91        10100100110010101101
92        11111101111011011111
93        10000101011010010011
94        00010001001000000001
95        10011001111010010111
96        00100110111010010111
97        00010101110000110001
98        11111111101011111111
99        00010101011000011100
100       01110100110000110001
101       10100101100010111111
102       10100100011010110011
103       00100100011000010101
104       00000100011001110111
105       10101101101010010111
106       10111111011010011011
107       01101001111011010111
108       11110100011000111001
109       10110101111010100010
110       10110101011010010101
111       10110100111010010011
112       10111101001001110111
113       01100101010100010111
114       01000111011110000011
115       01111100111000010011
116       01111101001000011011
117       00111100011010110111
118       11110111111010010110
119       10111110111000110100
120       10011101010011111001
121       10101101111011110111
122       11010111011010011101
123       01101101011010100100
124       10111101011111000111
125       00010100110000010111
126       00110101011000010111
127       10110101010010010010
128       00110101111110110111
129       11000100011010110100
130       10110101011011111111
131       01000100001000010000
132       00000000001000011010
133       10111101110010110011
134       00110111111010011001
135       00100100010010100011
136       01110101110011010010
137       10100100011010011011
138       10100111011010011101
139       00000101111010011011
140       00100101010000110110
141       01100101011000111100
142       11101101111011110111
143       00100101111010010000
144       01100100111000011100
145       00100100000000010000
146       11111111111010100111
147       00000101010000010000
148       00110101011000011101
149       10100100001000010011
150       10010101010000010010
151       10100100111001011110
152       01110001011010110100
153       11100100010010010010
154       00100001000000000110
155       11111111010000101111
156       11111110111010010011
157       10010101111001000100
158       10100011011010011111
159       00110101111010010110
160       11111101111010111111
161       10110100011000010101
162       00000000000000000000
163       01110111101010110111
164       00100001111010011101
165       11111111011100011111
166       01110101011001010000
167       00100101000001000000
168       01110101011000011000
169       00110101011100011110
170       01001101111000010111
171       00100100000000000000
172       11110111111010110111
173       01000100011000011011
174       11010101011011110011
175       00101101011000000000
176       10111001001010110000
177       10100110011000010010
178       10100101100000000001
179       10000110011000011101
180       00100101011010110111
181       01100110011010010100
182       10110111010010000100
183       01010101010000110111
184       11110100111010010111
185       11110101111000010100
186       00100101010010110001
187       10111110101001011111
188       10011101010000000010
189       11101101000010111111
190       10100100101010000111
191       00000000011000000010
192       11010111111011110111
193       10110101111011011011
194       01100101000000000011
195       10110111011010011111
196       00110101011000010001
197       11100011110010001110
198       00010000011000111000
199       00110100011010110010
200       11110100011001001100
201       00110000010000000000
202       10111101011110010111
203       00100101011001010011
204       10111101001010110001
205       10111101010100011010
206       00100100011110100010
207       11110101010010010101
208       10111111111111110111
209       10111101001010110011
210       11111101110100101111
211       11100101010000000110
212       00111100011010110111
213       00000101010000010110
214       00111101010000010000
215       10100101010000010000
216       11100101011000010111
217       00110100011000110111
218       00111111011110110110
219       10010001110000010110
220       00111101011110110100
221       10110101111010001111
222       01111101011000011110
223       00110100010010111110
224       01101101010000110110
225       10101111000000010001
226       00010100010000000000
227       00111101001000010111
228       01111101100110010100
229       00100001010000010001
230       01101101011000011100
231       10111111011000010111
232       00000101010001011010
233       11010101010000011101
234       01010100111000110010
235       11110111111000011111
236       00010101011000110011
237       11111111111011011111
238       10111101111010110110
239       10001101010000000010
240       11010111110010111111
241       10110101011010010110
242       11000111111000100001
243       00110101011000010011
244       10100111011000011101
245       00100101010010001011
246       10111111011010110111
247       00100100000000000010
248       01010101010110011111
249       11110101111010010000
250       00000100011000011011
251       01100100011010010010
252       01000101101000000100
253       00100000000000000100
254       00110101011010111100
255       11010101010011110111
256       11111101011011110111
257       10110101011110111101
258       00001000000000010000
259       10000100011000110000
260       11111111111011111111
261       00100100110000000010
262       01110101011101010110
263       00010100000010010011
264       00000000010000000001
265       00010110010000000010
266       10100101011000011111
267       00110100010000110000
268       11110101111011111011
269       00111101010000110110
270       10111101110010010110
271       00100101000000010100
272       00110100000000001001
273       11110101010001010111
274       11100101011001011000
275       00000100000010011001
276       10100101110000000100
277       01110111011000011101
278       10010101011011010110
279       10100110010100011110
280       00100001011000011110
281       00001100010000000100
282       11000101011001110101
283       00010101111010000000
284       00111101010110110111
285       00110101010010010110
286       00010101011001110000
287       10010100100000000101
288       11110101111010111110
289       00011111011001010010
290       10100101111010010100
291       01110101011110110111
292       10110101010010010000
293       10001101011000011011
294       01101001010000110110
295       10111101011000010101
296       01111111111010111111
297       00110100011001110110
298       00100101011010010010
299       00110101011010011100
300       11010111011000010101
301       01010101011010110000
302       01110111011010111111
303       00000100111000110000
304       00000101001000000100
305       10110111111011111110
306       10111101011010100100
307       00100001010000010000
308       10010101010011000100
309       01010100100000011011
310       01110111011000110111
311       00100000110010110111
312       10100111001010010010
313       00100100011010011100
314       01100101000000000010
315       00000100000000010000
316       10100000111010110110
317       01111111011010111111
318       00100101010110010010
319       10100101011001010001
320       00100100011001000100
321       00110101001000000111
322       10110101010000011111
323       10000100011000010000
324       00110101111101000110
325       01010110010010111010
326       00110101010010111010
327       10111111111011011111
328       10110001111010110110
329       11110101011001011110
330       00000100000000000100
331       01010101011010111000
332       10110111011100111101
333       11011101011100110111
334       10100101111011111101
335       10111101011110110111
336       00111100011010011111
337       10011111011001111111
338       10110101110110101000
339       11110101010110011100
340       00010101011010010010
341       00110100100010011101
342       00110101011000010000
343       11111100111000100011
344       10110101011010110111
345       10111111111100100101
346       10111001011100010111
347       10100100010000110000
348       01100101011000000111
349       11111101101111110011
350       00100100010000000110
351       01100101100000110010
352       00000100010000010000
353       11100100011010110101
354       01010101111010111111
355       10110000010000010000
356       10100101011010010011
357       11101101111010010100
358       11111100111010010111
359       11101111111111011111
360       10110100001010110110
361       00000100000000010000
362       11111111111010111111
363       00010101001000010100
364       00110101111101110110
365       01100101011010010010
366       00100101011000010110
367       10111101011000010010
368       10111100111011010110
369       01100100000000000000
370       00000100111000000110
371       11111101111110000100
372       10100111111010111001
373       01010100011010101101
374       00000000000000010010
375       00100100110001011111
376       11111111111111111111
377       10110101010010000100
378       10100100111010010100
379       00010100110000010010
380       10111111011010110110
381       00011111000000000100
382       01110101111111110111
383       00110110011000010100
384       01110101001010010000
385       11100101111010010100
386       10101111010100011101
387       01000101011010011101
388       00100001010010000000
389       11110101110001010111
390       11111101111111011111
391       11110101111110110100
392       11100100111110110000
393       10100110111000011111
394       00010101010000110110
395       01111111011010110111
396       00101101010010010111
397       01110101111011111111
398       10111001011011010000
399       00010101010000010010
400       00000101011000011010
401       10011111111010011111
402       10100101011000110011
403       00011101010000111111
404       11101101111111011100
405       10100111110011111011
406       10110101011010110011
407       00010101011010000000
408       10111111011010011111
409       00010000000000010010
410       10100100001000100111
411       00101010011010010110
412       10000101011011010110
413       00000100000000010000
414       00110101011010010110
415       01000101011010000000
416       00100100011000010000
417       01111101011100111001
418       11111101011011110111
419       10100101010000010000
420       00010111000000010100
421       00111100011010110101
422       11111101010110111111
423       10111101111011111001
424       11110101001011000111
425       10110001011000010000
426       00110001111010010111
427       01110111011010011111
428       11111101011010011110
429       11110111111000111111
430       11110101011010010100
431       10110111011010110110
432       10100100010010011110
433       10001101011000011000
434       01010101010010010011
435       11100001010100110101
436       11100101010000100000
437       00111000011000110001
438       10100101111001010111
439       00110100111111110010
440       10111101011011111111
441       00101101011110011111
442       01111100011011010000
443       00010101100010110110
444       11110101010000011110
445       00000101000000010100
446       00111100011010000100
447       11100101010000110100
448       11111101111010010111
449       01100001011001110000
450       01010101010000100111
451       10100100010000011110
452       10010101011010010000
453       11110101010011110110
454       00000100011000010011
455       11111101111011111111
456       11111101011000111111
457       00111101110000100000
458       11110101011010010110
459       01111001010000101110
460       11110100011000000000
461       10000101010010110101
462       00100001011000011010
463       01100100011000010000
464       10110100011000010000
465       00100101011000010000
466       01110101111011111110
467       00100101001001010000
468       01100101011000011000
469       00110100010000100100
470       10110101111010101100
471       10010101011010110011
472       11010100011010011000
473       11110100111000110000
474       00110100111010100100
475       11110101111010011011
476       11111101111010111011
477       00100101010000010100
478       11101110111111111111
479       11100101110000110101
480       11111100110010010111
481       00110001001010010101
482       01111101011011010001
483       01010101011010010000
484       01100001011010010000
485       00110101011001010011
486       01100101011010011011
487       11101101011110011011
488       11011111111010110101
489       00000100011000000001
490       00110101100000010111
491       01110100111011111111
492       00100101011010000001
493       11010100111110111111
494       01101110010000111011
495       11111101011000100111
496       00000000100100000110
497       00000000001000000100
498       00101101101000010010
499       10100001011000010010
500       10100101011110010101
