1         00010101000010110010
2         00100101011010010101
3         10111101110010111001
4         00110111000000000011
5         00100000010010010111
6         00000101011010001001
7         11111101111001110111
8         01110101111011110111
9         00010000000000110010
10        00000101010000010001
11        01101101011010011110
12        11111101111011111111
13        11110101011010000010
14        10100111010000110111
15        11111111111100110111
16        00000101010000100000
17        11100101011011110101
18        10110011101000110101
19        10100101010010010100
20        01010101111000010010
21        11000101011000010111
22        00010111010000110111
23        10100000011010000110
24        01111101110010110111
25        10010101011001010110
26        00000000000001000001
27        01110101011010000110
28        11100101111010111111
29        00000101010000010110
30        00100100001000000000
31        01100111011000010101
32        00000101110110010111
33        00011101001011010011
34        11110101011011010011
35        10011101011110110111
36        00110111011110111100
37        10110101011000010001
38        10100101011000010010
39        11110001110011111111
40        11111111011100010111
41        10100111011011010011
42        11110101011010111110
43        00111111011001001101
44        00000100011000110000
45        00011101011010101011
46        00000101000000010001
47        00000000010000000010
48        11100100011010110010
49        01000100010000110110
50        00000100010010010000
51        11111111111011011111
52        00110101111000010011
53        00010100101000100110
54        00110101101010000100
55        11110111111010111111
56        01110111011000110111
57        11111101011110011111
58        10001100000000010001
59        01111101111010111111
60        01001101111010111110
61        10110101011010010001
62        00111100011010010010
63        00111001111110011011
64        10010101011011100111
65        10010111111011110111
66        00110100010010010010
67        10110101011010101011
68        00100100111000000111
69        00000100011000000000
70        00000101111111011010
71        00100100011100010100
72        01010101010000000100
73        10000111011000010110
74        11111101111010111111
75        00101101010010111111
76        10111111011010111110
77        01110111011010111111
78        00000101011001100000
79        10001101010000010111
80        11110101011000110001
81        00100100011010010100
82        00000100010000010001
83        00000001101010001001
84        11011101011111110111
85        10010101111010011001
86        11011100011011011110
87        10100111011010010111
88        11100111110010011111
89        11110110011001111111
90        01000101011001100110
91        10111101011010010110
92        01111101111011101111
93        10111100010110000011
94        00100101010000000000
95        10110101110010110111
96        00100101111010000010
97        00100100011010110000
98        11110101010110011101
99        10111100010100000011
100       00000100010010010000
101       10110011111000010110
102       10110000010010110101
103       00100100111000110010
104       11100101010000010100
105       10100101010010011111
106       11011101011010111001
107       10110100010010010111
108       11100101011011110011
109       11111101111000110110
110       10110100111010011101
111       00111100000110100101
112       10110101011010001011
113       00100101010000010111
114       01110101000000000000
115       11111101011010011111
116       10101100011010111011
117       10110110011010011111
118       11111101111110111111
119       10100101111001010010
120       10110101011000010100
121       11110111111011111111
122       10011101001010111011
123       00010001111000101001
124       10100101111110110011
125       11101100000010010011
126       10111101111010110011
127       00000100010000010111
128       00101111010011111111
129       11110101010010111111
130       00111100011011110111
131       10100100010000010010
132       00110101010000000010
133       11110101011010100001
134       11110101111010111010
135       01000100011000010011
136       01010101011010111110
137       00101100111010110110
138       01010101010010100001
139       10100101010010010011
140       00100000011000010011
141       00010100011000010001
142       11110101111001111110
143       00010100010010101111
144       01100101011010100111
145       00010100010000100100
146       01011101110010011111
147       10000101010000000000
148       10010100011000011110
149       01110111011011000101
150       10110101011010001100
151       11100011111011010101
152       10111101111001110110
153       10001110010010010011
154       00000101110010010101
155       11111101111010111011
156       11111101011010111011
157       00111000010000010011
158       11101101011000011111
159       10101101001000111111
160       11111101111011111110
161       11111101010010000011
162       00000100000000000000
163       10110111011000010111
164       01010101011010011001
165       01110101111001101111
166       01110100011000111111
167       10100110010000000100
168       11100101011000011100
169       00101100011000010101
170       00110101010011010111
171       00100101010000001011
172       11110101001110111111
173       00010101010000111100
174       11111101011010011011
175       00000101011010100000
176       01000101010000110111
177       11000100101100011101
178       00110000010000000010
179       00000101111010100111
180       11010101011000100111
181       01100101011010010001
182       00100100011000010100
183       10101101011010000101
184       11111101011110111111
185       01110101011010110111
186       00111101111010110000
187       11110101001010111111
188       10000101111010000100
189       11111101011011010100
190       00110100001010011110
191       00010100001010010000
192       11110101011010010011
193       01111101111010110111
194       10100000000000100001
195       00110111111000110100
196       10100100111010010010
197       10110101011000010101
198       00101101011010010000
199       00111100011010110100
200       11110101011010011101
201       00000100000000010000
202       11111101111010110011
203       01010000001000010101
204       10110100100011101111
205       01110101011011001101
206       10000100000010000111
207       11111101111000011111
208       11111101111111111111
209       10110101001010111111
210       11110101010001111111
211       10010001010010010101
212       00000101000010110111
213       01000100000000010101
214       00010101011010010101
215       00001000001000010100
216       00110110011010011111
217       10100101110000000011
218       11111101011010110111
219       11110100010000011010
220       01111111111010111101
221       10111001111010111111
222       10111110100011011111
223       00110101110000011010
224       01111101000010010000
225       11100101001010010111
226       00100100010010010111
227       00100101011010110011
228       10100100011011100110
229       11100111111000110110
230       11110101011010110101
231       10111101011001111010
232       00000111011010001001
233       10011100010010010111
234       00100101011110010100
235       11111111111100111010
236       00100010010000110000
237       11111111011111110111
238       10110100111010100101
239       00000000000000000000
240       11110101011011110111
241       11110101110010010011
242       10100101010011010111
243       01100001011010111101
244       00100101011011000011
245       00100100010000100010
246       01110111011000110011
247       00000000000000100001
248       11110101111000011111
249       10100100001000110011
250       00010100010000110110
251       00000000110011011000
252       01100100111010110100
253       00000100010000000000
254       01110110011000011010
255       10000101011011010111
256       11111111111110011111
257       00111111011010111111
258       00100100000000000000
259       10100100010000010010
260       11111110111010111111
261       00010101100000011000
262       11110101111110110101
263       00011000010010101100
264       01100100010000010010
265       01110000010100110000
266       10100011111010100110
267       00110000000010011101
268       11111111111010111101
269       00111101011010000010
270       00010100111010010101
271       00000000000000000000
272       10000100010000011010
273       01010111000010111100
274       00100100011000111000
275       10000000001000011100
276       10110100000010000100
277       10111101011010110101
278       10011100011010001110
279       00101101011001110010
280       10000101010000000000
281       01110101010000000110
282       11111101010010011111
283       10100000011100110000
284       11100101111011110111
285       10100100111100011000
286       11011100011000000100
287       00101100011000010001
288       11101101111011010011
289       11110100111011011111
290       00100101011100111110
291       01110010001001111010
292       10101100110000010110
293       00110100011010110111
294       01010101010001100110
295       10110100011000110011
296       10111101111110111110
297       10100101010010010100
298       10110101011100111110
299       00010100011000001100
300       01101101110100010010
301       10101100010000110100
302       10100111011010101100
303       00010101010010101100
304       00010100011001011101
305       01111101111011111101
306       10100101010010010100
307       00100010010010110000
308       11000100111000000000
309       10010101011000110100
310       11111101011110110101
311       00100000011100000010
312       01000101010010010000
313       00100100001001010000
314       00000100000000000001
315       00001100001000000000
316       00110100011010011000
317       11111100111010100111
318       10010111000010011100
319       00100100010010110110
320       01100101000000010111
321       00110101011000110000
322       10010101111000010110
323       00000100010000001000
324       00110100011010011110
325       00100000010010010100
326       00010101011011110100
327       11111101111110111011
328       11110101011010110100
329       00010100111000010111
330       00100100010010000001
331       10110100011011011110
332       01111101111001010101
333       10100101111010111101
334       11111111111011111111
335       11111111111110111111
336       10100101011000000001
337       10110101111011111101
338       00101101111010010001
339       01100100011000010001
340       01000100011010010001
341       01101101011000010000
342       10000101011011111010
343       01111101011010010110
344       10100101011010111011
345       11110101011000110111
346       01100001011001000100
347       10100100010010010000
348       10110100010110100100
349       11110111111110110111
350       00000101000010000001
351       10000101111000011010
352       00000101000000000000
353       10111101011000111110
354       10110001011000000010
355       10000000010010010101
356       11100100011010010111
357       11111111111010111111
358       11101101111011110111
359       11111101111010111101
360       01100101101010010101
361       00010100010010001100
362       10110111111111111111
363       00000100011000000000
364       00110000011010111011
365       11110100011010110011
366       10000101111001010000
367       00100101011010111111
368       00100100010010011000
369       00000000011000000000
370       10100101011001001001
371       00111111111010111010
372       11110110111001100111
373       00110001011010000110
374       00100100000000000000
375       00111111110010010111
376       11110101011010111111
377       10110101011011110110
378       00000100011000110101
379       01010101011010010010
380       10110111111010011111
381       00010100010000001010
382       11101111111010010111
383       11101001010010000000
384       01100100001000010000
385       11110100010010011000
386       10100101011010110001
387       00110101011010010100
388       00000000010100010110
389       11110101111010111110
390       11111101111010110011
391       00010100011000010000
392       00110101011000110101
393       11110100011000111111
394       01101101011000010001
395       01111101011100111101
396       11100100011000010110
397       00110101011111110111
398       10000101011000100101
399       00100100000010010000
400       00011100010000000001
401       11110110111010110011
402       10100010011010000110
403       00110101011010010001
404       11111101111010110111
405       01110101110000111100
406       11010000011010000010
407       00010100010010100111
408       11010001111011110010
409       01000101011001010011
410       00100101010000100001
411       10100100011010010001
412       10100101110000111100
413       00000101000100010000
414       10100101110010011000
415       00101000001001100000
416       01011100011000000000
417       10110101011011110111
418       11110101111011011110
419       00010101001000001100
420       00110100011000010001
421       10110111111011111111
422       11110111011010110111
423       10110101111011110111
424       10111111011000000111
425       00000101000000010111
426       00101101010110110011
427       11100101010110010111
428       00111101111110111011
429       10100101111001110101
430       11111101011010011111
431       01111101111000010000
432       10110111011010010101
433       10100101011000010100
434       10101101011010001110
435       10111101011010001111
436       00010101011000010101
437       00001101111010011101
438       10110011011010011101
439       11111101111010010111
440       11110101111010110101
441       10110101111010100111
442       10110101111110010001
443       00111101001000010000
444       11110101011010010111
445       01100101111000000000
446       00101101011010100110
447       01110101011000100101
448       10110111011110011111
449       10100101101000010010
450       00110101011001011110
451       00110111010010110100
452       01110100010000011010
453       00010100011000010011
454       10110100010000010100
455       00110101111010111110
456       10111101110010110110
457       01110101011000010110
458       10110101111010110011
459       01111110110011110011
460       10100001110100010000
461       11100101011011110000
462       10110101000000000000
463       00100101010010010001
464       10110100001011100010
465       10100100010000001101
466       11110101011010011100
467       00100100010000000000
468       10100001011000010010
469       01010101010000010010
470       10101101111011111110
471       10111111011010011100
472       10101111111001110010
473       00110111110000000000
474       11111001111010111110
475       11010111010111100011
476       10110100010010010011
477       10100100011010110100
478       11111100011111111111
479       10110001010011010110
480       11110101111010111111
481       00010101010010000100
482       10111101011010110110
483       11011101110000111111
484       11100101111010100001
485       10111111010010111001
486       01010111101010010111
487       01111101111011110111
488       10110101111111111110
489       10000101011000010100
490       10100100010011110110
491       01111101011011111111
492       00100101011010110011
493       10110111111100111100
494       10111101011011011111
495       01011101011010101110
496       00000000010010010000
497       00000100000000010000
498       11001100010000110110
499       00110100000000011011
500       11101100011011010001
