1         10110100011000010000
2         01010101001010110111
3         10100100011001000000
4         10000101010000000100
5         00110101111110010011
6         00000100010000000000
7         00100101001011000000
8         10101101010110011000
9         10010101011010110111
10        01100101011010010000
11        01110101111111010101
12        10101101011011010011
13        00011101011000010010
14        00110110011010010111
15        00100100011000100110
16        01101101011000110011
17        00010100011111111101
18        11111101101000011111
19        00000100011010110100
20        11101101011000010111
21        00110100001000010010
22        01110101011010011010
23        11000101010010000001
24        10111110011110110110
25        10100101011011000100
26        11000100011000000010
27        11111101111110111111
28        00001101111010111111
29        10110110111001010111
30        00100000010000000000
31        11100101111010011101
32        11111101111011111111
33        00010111010010110110
34        10111101111010010110
35        10110100111000100011
36        11010100111000110110
37        00110101011011010100
38        10100111010010111101
39        00101100000000011010
40        00000100010000000100
41        00110101010000000101
42        01111110111110111110
43        00101101011010011111
44        00000100010000010100
45        01100101111000000010
46        00100100001000010100
47        10100101111000010000
48        00101111111010000011
49        11100011111010111010
50        00010001011010010100
51        00110001110010010111
52        00000000000000000000
53        10110101010000111110
54        01111100011000010101
55        01110101010000100111
56        10111100110010010101
57        10010100010010011000
58        00100100010000010110
59        00000101011010000110
60        11110111111000010100
61        00100101010000000010
62        10001101011010110000
63        11010101110011010100
64        00000000000000010110
65        10110111001011110001
66        00000000100010011000
67        00111101000000000000
68        10010000010000000010
69        01101101111010001111
70        11100101011010010010
71        10000101011000010100
72        11111101011110010010
73        00000101010010000001
74        11111111111110110111
75        01100000010010011110
76        10100100011000010000
77        10111101011000110111
78        00100100111000000000
79        00101111010001111000
80        11110100011001010100
81        01110101011111111100
82        01110111111110111111
83        11111111011011111111
84        00000101011000010100
85        00000101010000100000
86        00000000011000100001
87        11110101111110111111
88        10110101100000110111
89        00010100111010000100
90        00000000000000000000
91        10111101010010110011
92        10000011000010010000
93        11110101011000111010
94        10100101111011111001
95        11111101101000110101
96        10110101111001010001
97        00100101010010010100
98        00100111011000011000
99        11111111111010110101
100       00110111111110011110
101       10000101011000111111
102       10111101011110000111
103       00101101010000010001
104       01111111011110111111
105       10110011111000101111
106       11110101011100011111
107       10010100001000000100
108       01100101010010010111
109       01111101001011111101
110       00110101011000110111
111       00010101011010111011
112       00110100010010010110
113       00100101001110110000
114       10101111111010011111
115       11111111111111111111
116       00010100110000010001
117       10111100111010100100
118       00110101011011010100
119       00100101001010110001
120       11110100111000100100
121       10111101011011101101
122       01101101111101011101
123       11101100111010111100
124       00110100000111110110
125       00111101011000010100
126       00010100110100001100
127       00100101111010111111
128       00011001011010010100
129       11110101001000011100
130       01110101011000111101
131       10111101000000010100
132       00110101010000111010
133       10110001011000010000
134       11100101111000011000
135       10100100011010100111
136       00000100000000000100
137       10110101111011000011
138       00000110000000000100
139       00101101110010110110
140       10100100011000000110
141       10010101110110111111
142       11110101011010010010
143       01110101011011100111
144       11111101011101101111
145       10001100011011011011
146       11110100011000100110
147       00110101011000010010
148       00000100101000000010
149       11111101111000110111
150       00100101011010111111
151       11110101010010011011
152       11110101011101111011
153       00100100001010010100
154       00110101011000000010
155       10101101110111010010
156       10001101110010110100
157       00000000010000011110
158       11111101111011010001
159       10110100000000010000
160       10010100110010100110
161       11111101011000010110
162       10100101010000000000
163       10110100111011111101
164       10111100011011000010
165       00000101111010010101
166       10110101011010010101
167       10000000011000010110
168       00010100011010010010
169       10111101110010111000
170       00000100010010100100
171       00101101010110111000
172       11110111111110111111
173       00100110111010010000
174       00001100000000000100
175       01010101000010000000
176       10100100011000110110
177       10110000101010010100
178       11111101011100011111
179       00110000011000100110
180       00100100011000010001
181       10100101010000100011
182       11110101011111111011
183       11111111111010111111
184       11111111010000010111
185       10100101011010101011
186       11111101111101111101
187       11110111111111110111
188       10110101011011110111
189       00100100001010010001
190       00010111111010111101
191       01101101010000100000
192       11111101111010011111
193       00100100010000000101
194       01110100010010010000
195       11011111111010111110
196       11110111111111111111
197       00010001011000111001
198       10110001011010110110
199       10111110111111010111
200       00101111011000000111
201       00100101011000011010
202       01111000011010011100
203       10100101010000111111
204       00111100011010011011
205       01111111011100010111
206       00000101011011011101
207       00111101111010011110
208       11111101110010100010
209       11111101010010110111
210       10100100010000110111
211       01000100001010000000
212       00110101011000111011
213       10110101011010011011
214       10111111101010110111
215       00111111110011111110
216       00000100010010011100
217       10000101010000000100
218       00100100011011010010
219       10001100011010011011
220       10011100011000010100
221       10111101111011110010
222       00000100010000010010
223       00110101111011111000
224       01010100010010111010
225       10110100011000110010
226       00100100001000010001
227       00001101011010000100
228       00000000111011010100
229       01100100011000010100
230       00100100010000110000
231       00110101001010110001
232       00000100011000100001
233       10111101001000110111
234       01110100011010110100
235       00110100011011010000
236       00100101010010000111
237       10111111111011110110
238       00110111011000010000
239       10111101111001111010
240       00000000000000010000
241       01111000011001110111
242       00100100011010110010
243       10110101111110010111
244       11110111111011011111
245       01010101010000111110
246       11100101111010111011
247       00110100001100100000
248       01110101001010010100
249       11000100011010010100
250       01110101011011010110
251       10101011001000010100
252       10000101101011010011
253       00100100111000010100
254       01011110111010111101
255       00000111100010010011
256       10000101011000010101
257       10000000011000000010
258       10100001000010010010
259       00010101011000000100
260       00110100001000011101
261       11010101011100011001
262       11011101011000010101
263       00111101111100111111
264       00001110010000000100
265       00000100000000010000
266       10101101010011001000
267       01010101001000010100
268       10111111111100010111
269       11001111011010010111
270       00111101011010010001
271       01110100001000010100
272       10110001111000010000
273       10011111111010011101
274       11111101111011110111
275       01111101011010010110
276       10001101011000010010
277       00110001111001010000
278       11110101111010110111
279       00110000010000010000
280       10001100111010010000
281       01100101011001010101
282       00010100010000010110
283       10100100000010000000
284       10100101011000000010
285       10100101000000010000
286       01110100011010010010
287       00111000011010011001
288       00111111011010110100
289       10111101011010110110
290       00110001010000000000
291       00111101010000011111
292       10101100011010110110
293       11111101011010011011
294       11111101011011010101
295       00010100011011111100
296       11110111111111111111
297       01100100010000110011
298       11110101011011001110
299       00110101011011010101
300       11110101011010010001
301       00000100000010000000
302       00100000001000011100
303       01110101011010010001
304       01110101010000000000
305       01110101010101010101
306       10111101111010011111
307       00100100111010000000
308       00000101011000100000
309       00100100111000010010
310       00110101011000110111
311       01110101011000000110
312       01101101010010010110
313       11111101011000010111
314       00110101011011011110
315       00110101110011110100
316       00000000010000000100
317       00010101011001110000
318       00100000111000001100
319       11100101111010111011
320       01101100001000110000
321       00010100011000010010
322       01100100111000001010
323       00000100011010000011
324       00000000010000000010
325       00010101010000110101
326       00010000001000000111
327       10110101111010111111
328       00010100011010110010
329       11101111011101010110
330       00100100010010010000
331       11000100000011110100
332       11110101010010111101
333       11110111111011111111
334       00110101011000010100
335       11110101111010010110
336       00100100010000010000
337       10100101011010011100
338       01110101011000111110
339       01000000010011011010
340       10100101001010111011
341       01100000010010010100
342       00000000001000111111
343       01111101011000110101
344       00111101010001001000
345       11100011011010110011
346       01000100111010010111
347       00111100010000010010
348       10011101011010010110
349       00110110011100010101
350       00100101011000000000
351       10010100010010101000
352       10100101111010010100
353       00010101011001010100
354       01100100110000000110
355       00100100111010011000
356       00110101011010010100
357       11111111111011111111
358       11111111111011110111
359       10011111011011111110
360       00110100001000010100
361       11010101111010010100
362       10110101011001010110
363       10111111110110111111
364       10000100010010100100
365       00100000011010010000
366       01010100011010000010
367       00111111111001111111
368       00110000011010010110
369       00010001010010010110
370       11110111011011111111
371       01011110010010111100
372       11110101011001010110
373       00100001010000000100
374       10100101010011010000
375       01011100011010101111
376       10100001011000110111
377       10101100011011110111
378       01110101011010010100
379       10010101011010010110
380       10111101111010001111
381       00100101011010111110
382       00110100011000011110
383       01111111111101110111
384       01110101011001011100
385       00000000000000110000
386       11110101011010111100
387       01101100001010110010
388       11111111011101100111
389       11110101000000110110
390       10111100101011011100
391       10111110111011111111
392       11110100011010011100
393       10010101011111111111
394       00000100100000010000
395       00000100011000010000
396       10000000010000110100
397       00100000000010010100
398       00100101001000010000
399       01010111010000010000
400       11110101011010000111
401       11000101110010000000
402       11110110011010111011
403       11101101011010110011
404       11101111111011011111
405       10110101011010011001
406       10000101011000111110
407       00000100010000010100
408       10100100111001010010
409       10010101101000010101
410       01110101110010011111
411       00101000010001010110
412       11111001011000011111
413       11111101111110111111
414       10101110011010010110
415       10101100101000110011
416       10101101010000010000
417       00110101011010110010
418       10111101111110110110
419       10010111011010011000
420       11110001111000010110
421       11111111111011111111
422       00110101011010010001
423       00111100011010010100
424       10100001110000110111
425       00111111011010101001
426       01011100111010011111
427       00110111111010110111
428       00000100011010001000
429       01010101001000010111
430       00100100111000010010
431       11111110000010010111
432       10100111011001010100
433       00100000011000000000
434       11111111011010110001
435       01000100011001110100
436       11110101110000010010
437       11011111111011011110
438       10110101100000000000
439       10000101100000110101
440       11110100010000010111
441       00000000000000000110
442       10001100111000010010
443       11110111111011010110
444       00110100110000000000
445       00111101111010110111
446       10110101001000110110
447       00100101000000110000
448       01100101011010111101
449       11100101110000000110
450       11100001111000010000
451       11001100011010010101
452       01110101110001010110
453       00100100010000010000
454       11100101111011010110
455       01110100111000011100
456       01000001001010000010
457       01100100011000010000
458       10111101011001011101
459       11010101011000011011
460       10101100010011010011
461       00101100011010000111
462       10110101011010010110
463       10110110111100010110
464       10111101111000111111
465       00110101011010010110
466       11100101010011010010
467       00111101011000111100
468       11111101111110111111
469       00010101111010011110
470       10010101011011110111
471       11110101110011110110
472       11111101111010010110
473       11110101010011010001
474       01100101111110111010
475       10110100011110111111
476       00100100010000000100
477       00100100000000000000
478       01110101011011110110
479       00000100010001010000
480       10110101011010011011
481       01110101111010011110
482       10111100010001110000
483       11111101111011111111
484       01000101010010100000
485       00001100011000111000
486       00000000000010100000
487       11111100011110110111
488       01001000111001010010
489       11110101001010011001
490       00010100011000000101
491       11110111010000011111
492       11110101111110111010
493       00100100000000011100
494       10111101010010110010
495       01000101010011111001
496       00100101011000010110
497       11110101111111110111
498       10111101011001110010
499       01111111011010011011
500       00110100011010110000
