1         00000101011010000000
2         10100100111000010100
3         01000101011000010100
4         00001100000000010000
5         11001101011010010001
6         00110001011000001010
7         01100100011000010110
8         00111101110000000101
9         11110101011110110000
10        10100101111010010100
11        11110100111010111101
12        11111101111011011110
13        11010101010011011110
14        10011101010000011101
15        11100000011000010001
16        10111101011010110001
17        01111100010010110101
18        01111111011010010101
19        10111101111010010010
20        11100101111010001111
21        00110101011000100000
22        01111100011010011111
23        00100000001000000100
24        11110101011010110111
25        10000100010010110000
26        00000100010000011000
27        11111101011110111111
28        00111101101000010110
29        11101101011010010110
30        01010100000000010101
31        11111101111110111110
32        10111111111010011101
33        01111101010001010101
34        11110101111000111000
35        11000101011010010110
36        11110101010000110111
37        01110110001010000000
38        01111101000111111111
39        10010100011010111000
40        01110001011010110011
41        00110001010010000100
42        11101101111001111101
43        10101100011011010111
44        00100001010000110000
45        00100100010011000011
46        01100000000000000001
47        11011101001000010101
48        10110001111010011001
49        01110101010010111110
50        01110001010000010000
51        01110111011010010000
52        00010100010000010000
53        10010101010000110100
54        00100100011000010010
55        10010100010000011110
56        11010101010000111101
57        00100101010010010001
58        00111100011010010000
59        01110101111010101111
60        11111100011011110010
61        11100101111111010100
62        11110101111000000111
63        11110101011010101011
64        01100101011000010000
65        10110111110000011111
66        00000101011000010000
67        00000000001010000000
68        00010101001010010000
69        10000101111110111111
70        11110100011011011000
71        01110101111100010111
72        11101101010001111101
73        10110101010001011110
74        11111101111011111110
75        00101101010110010000
76        00100101010010110100
77        10111101011011110111
78        00000100000000010000
79        11110100010000111110
80        10010110010000010001
81        10111101011011111101
82        11101100111010111110
83        11110101111010110111
84        01110101011010011100
85        01000001001010110100
86        00000000010000000000
87        11110101011111011111
88        00100000011010000101
89        00100100000000110100
90        00000100010000000001
91        11110101111011111100
92        00010000011000010110
93        00110101111001110001
94        10101101011010111100
95        00110101011010011100
96        11110111011010010110
97        11110101011000010010
98        01010101111010001000
99        11000110011000011111
100       11100101011011010101
101       00100101011010010100
102       01100101111000011111
103       01100101111000010100
104       11111101111000111111
105       00111101010110011001
106       11111111011010111011
107       10000000011000000000
108       10010100110000010001
109       10110101011100010111
110       11010100011010110010
111       01101110111001011110
112       10110101110000000101
113       10100100010000010101
114       01101101011010110101
115       11111111111011111111
116       10110101111010111110
117       10010101011010011110
118       10010101111000010010
119       11001101011010011100
120       11100000011010110010
121       11111101011010111101
122       10000100011010011101
123       11101000011011000111
124       10010101011010010110
125       10111100111000010010
126       00011101001010010000
127       11111110011111011111
128       10110100011010000000
129       11001100101010110111
130       00110100011010010011
131       00100001111010101110
132       10010100011000010100
133       00000001001010010101
134       10100101010000000010
135       00001100011010011101
136       00000100001010011000
137       01111110011010010010
138       00000101010000000000
139       01010100111010110111
140       00010000010000011101
141       01110100011011010111
142       00100110011010110001
143       00000101111110011110
144       11111101111011111101
145       10100101110010100101
146       10010111010000110010
147       01110101011011011101
148       00000100100000010000
149       11110101011011111111
150       11110001010000111111
151       10100100110000101000
152       11111101011110011111
153       01100101011010000000
154       00100100011000100000
155       01100101111010110100
156       00110001011011111011
157       01110100001000110000
158       11111101011010111111
159       01010101000010010010
160       10110111011011010001
161       11011100011010011111
162       10000100000000000010
163       01110100011000010100
164       00110111011010010100
165       10100100010010000011
166       11010100010111100111
167       00000100011010010001
168       11010100010000000100
169       11110101111101010101
170       00100101011000000100
171       10111001010010000111
172       11111110111111000110
173       00100100011000010000
174       11000100000000010001
175       01000001011000000000
176       11100101011010010101
177       00000100011000010110
178       11100100011011110011
179       11100100110000010110
180       10000100011000000001
181       00110000011000010100
182       11110100110010111111
183       11111101011111111001
184       01110101011011001110
185       01101101011010100111
186       11111111011111011110
187       11110111111101011110
188       11111101011011011110
189       01110101110000010100
190       10000101010110111110
191       00010101011000011000
192       01111101011010111110
193       01010000010000000000
194       01000000000010010001
195       11111111110110111111
196       11111101111010111101
197       10100100011010110110
198       00110101011010000000
199       10111101111011110110
200       00110100000000010010
201       10010100011000010000
202       10011111111000100111
203       01100101011010100100
204       00101100111000111101
205       10111111111010100000
206       00100100011010011011
207       10001101011000010100
208       11010101011010110111
209       11010111111011111111
210       01000100011000110001
211       10000000000000000100
212       10110101011000011110
213       01110101111010011110
214       11111101011001011110
215       01101001111010011110
216       01101001110000010100
217       10110101000010010110
218       11000101011010010101
219       00111101001010010110
220       11111101011010010100
221       10110100111011111111
222       10010110000000010000
223       10111101011000110011
224       00100000011010000100
225       00001011011100010000
226       00000100000000010100
227       10100101101010010100
228       00000000001000010000
229       10110111110011111110
230       01100100010010010001
231       00001100000000000010
232       00000101010010000010
233       11010101101000110111
234       11101101111010100110
235       00110000011010010001
236       00100100010000010001
237       01111101011000111111
238       01110001010000010100
239       01110101011001110110
240       00000000011000000000
241       11010001011000011111
242       00001101010000001010
243       10111101111011010010
244       10111101011011010110
245       00110101011010111100
246       00111101011010110101
247       00110100010001011110
248       10001000100010010100
249       11111111011010110110
250       10101101111010011101
251       10110001011000110100
252       10110101011010010110
253       00000101011010000000
254       10111101011000010111
255       00000101111000010010
256       10101101111010010100
257       00110100011010010000
258       10010100011000000010
259       00000101111000110011
260       01000100000000110000
261       10111110111010111100
262       10011101011010110110
263       11100101111010111101
264       00011101011000100001
265       00100000000000010000
266       10110101011010000001
267       10110100011001011011
268       10111101011001111011
269       01111001011101011110
270       00010101011010111001
271       00000100011000000000
272       00000101000000010000
273       10100101010010010100
274       11100111011110010110
275       00111001111011100101
276       00100101011010110010
277       00110111001000011111
278       11111101111010111110
279       01010100011000000100
280       10110000011110110110
281       11110101111011101000
282       00001001001010010100
283       00000100011000000100
284       10100101010001010011
285       00100100010000000010
286       01000100000000000000
287       01000001011000010010
288       00110111011110111110
289       10010101111010011110
290       00000000000000100000
291       00110101111010111111
292       10110101011000001001
293       01000101111010110110
294       00111101010010111111
295       10110101011010011001
296       11111101111011111111
297       00101100011010010000
298       11110100011010010101
299       10100101111001010111
300       11110101010001010100
301       10100101010000000100
302       00110100101010100000
303       11101101011011101001
304       00010100011010010100
305       00011101111111111100
306       11111111111111001111
307       10100101010011010010
308       10101100010000010000
309       00000100010000011000
310       01111110011010111111
311       00001100011000010100
312       00000100010010010000
313       11000100011010110101
314       11110101011010011110
315       10101101011010010010
316       00000001000000010010
317       00110100011000111100
318       10110100011110010011
319       11111101111111110111
320       00000100010110010111
321       00101101010010011111
322       01101100001000001101
323       00000100010000010000
324       00000000110000010000
325       01000110110000110110
326       00101101010000010100
327       00111101111011111111
328       00000100010100110110
329       10110101110010110111
330       10100101011000010111
331       00100100111010011000
332       01110101011111011111
333       11110111111011110111
334       10010100011001011110
335       00011101010010111101
336       00110100010000100101
337       10000101011000110100
338       01110100011000110100
339       00010100010000110100
340       00101111011000010100
341       00000100011001000101
342       00100100010010010001
343       01100101011001110011
344       01110100001011000001
345       10100101111010110101
346       01100101111010111101
347       01100101010010010100
348       00010100011000010010
349       10111100011010111001
350       10100100000010000100
351       11110100001000110001
352       10100101011000101100
353       01110101011000010101
354       00101001110000100000
355       11111101011011010110
356       10111001011010001101
357       11011101011110110111
358       10111111111011011110
359       10100101011010111101
360       00000100000000000100
361       00110101111000111000
362       00110101011000001100
363       11111101111010111101
364       00100111011010011000
365       00101101110000001110
366       11110111011100010111
367       10110111111010100100
368       00110100001000010100
369       01010101011011110101
370       10111111101000100111
371       01100101010110101101
372       11110101111010110011
373       01100100010010010100
374       00010101000010010000
375       10111111111010110110
376       10001100011011011110
377       01110101010000010001
378       01101101111100111100
379       10100100011000110011
380       00100101111011011110
381       10111101011010100001
382       11010101011010010101
383       11111101111110111111
384       01110100111010010110
385       00110100000000010000
386       00111101010000010010
387       10110101010010111000
388       11111111111110110011
389       11010101111010110110
390       10100101010010111110
391       00010100111010011101
392       00110110111010011111
393       11111111111010111111
394       01000000010000000001
395       00100000010000000000
396       01000001100000110100
397       00110101000010110101
398       10110100010000011100
399       00000100011010110100
400       01011001111000011101
401       10100101001000010000
402       10111111011110111111
403       10111101111110011111
404       11111101111110010101
405       01001101010010100110
406       00110101111010111101
407       10101101010010111100
408       10101101011000010110
409       01010100010010011100
410       01101101011011001100
411       01110101101000110111
412       11110101111011110111
413       11111111111111111110
414       01101101011001010111
415       00010100011010010000
416       11011100011000000100
417       10111101111100010011
418       11110111010011011110
419       10110100010001000100
420       00111101111011101101
421       11111111111010111111
422       11111101011011011001
423       01111001010010011011
424       11110101111010100111
425       01110101010001001000
426       10110101110111111001
427       11111101011010010111
428       00100101011001100101
429       10110111011011011010
430       11010111010000000100
431       01101111110101001001
432       10110111110000111110
433       10100100010000000001
434       00100100011010111010
435       01101100010000000100
436       00100100000010010001
437       10111111111100110111
438       00010100010000010000
439       00100101011001011111
440       00010101010000010110
441       00101000010000000000
442       01111101010000110100
443       11110101111010010110
444       00000000000000000000
445       11111101111111111111
446       11110101011000010100
447       10100100010000111000
448       10000101111011111000
449       00010101110010010000
450       11010010010011111011
451       00010101000011010010
452       11110111011010010000
453       00000101010000110000
454       00101101011010110100
455       01111101010001111001
456       10100100000000111000
457       10000101010000011000
458       10111101111011110110
459       10101101011010101000
460       10010101010010010111
461       10110100010000010110
462       00110101011010110110
463       10110101111010111101
464       11111111111011010111
465       10110001011100010010
466       10110101010010110110
467       10110100011111011110
468       10111111110111111111
469       00100100010000110110
470       10111100010010111101
471       11100101111010010011
472       11111111011001111111
473       01110101011010110100
474       01111101111011111111
475       10111101111011010110
476       00000100010000000000
477       00100101010000000100
478       00011111001110111110
479       00000100010000010100
480       11010100111010111101
481       01010101011010110111
482       01110101010011001111
483       11011101111011111110
484       01111101011000011101
485       00110001000010101111
486       00100100010000000000
487       10110101011101011011
488       01111101001010010000
489       10110101011010110111
490       10000101010010100000
491       11101101011111111111
492       11100101001110111111
493       10000101110000000100
494       11010101011010010100
495       00100101011011011011
496       10111101011000010000
497       10111111011010111110
498       10110100111100101001
499       00110101101100010111
500       01000101011010010000
