1         00111101011000110001
2         11010100000000001100
3         10101101011000111111
4         00000100001000011000
5         10100000011010000000
6         00000001011010110100
7         00110101011010111010
8         10100111111111111111
9         00100101010000000000
10        00000101001010010100
11        00110101111011010011
12        11100111111011101111
13        01101100011101111110
14        10010101000010000011
15        11111101111010111101
16        01000101010000010000
17        11111101011110011111
18        10100101010010011100
19        01100000001000010011
20        10111100011011011110
21        10000101111011110011
22        01101100011010110111
23        00010001011000010010
24        11110111011110111111
25        00101101010001010110
26        00000100001000000000
27        10110101011100011110
28        00100100001000110011
29        00000101010000000111
30        00000001010000000100
31        11011101111010110111
32        00100100011000010010
33        00110100011010010010
34        10111110111000111001
35        01110101011000010000
36        01010101111000010011
37        10111101111010111111
38        11110101111010111100
39        10111101011111110111
40        11100101011110111001
41        11111101110000110011
42        00100101011010110000
43        00110100011100110001
44        10001110010010010110
45        11110101010000010011
46        01010001011010010000
47        00000000000000010000
48        10110100010000010111
49        00001101011000000111
50        10000100010010100001
51        00101101110011110111
52        10001100101110111011
53        00110101010011010001
54        00110000011000000110
55        10110101011011111101
56        11100100110110000111
57        11011101011110111110
58        00000101000000000010
59        10110100011011010111
60        11110101111010111111
61        01111101011000010010
62        01110100000010010111
63        11100111111010011011
64        10111101011001011111
65        10100101110010111111
66        01000100000001001110
67        00110101011010111111
68        00010100011000000000
69        01000100010011101000
70        00100110101000011111
71        00100100001000010000
72        00100100010000000111
73        00010000010000011010
74        11111101111111101111
75        11110101011011110110
76        11111000011001111011
77        11111101011001111011
78        00000000010000000000
79        10100101110010010111
80        01110101111000011010
81        00001110110000000101
82        01000100010000010000
83        00010100110010010101
84        11111101011010110110
85        11110101101011110111
86        01110100010011110100
87        11110101111010011100
88        10100101011000010111
89        00011100011010110111
90        01110001111010010010
91        01010100010010101110
92        11111111011000111101
93        10010101010010010111
94        00110100011000010000
95        00010100110011111001
96        00111101110010011111
97        00111101111010110101
98        11111110111010111111
99        00110111011100000001
100       00000100011001010001
101       10111101111010011001
102       00110101011000110111
103       00110101011010010010
104       01110101010000000011
105       10111101111010101010
106       10101111011111111111
107       01111101110010101101
108       00100101111000011111
109       11111100011011010101
110       01010100001010010010
111       10111101001000010111
112       01011101011000111111
113       00011101110010010001
114       10010100001010011010
115       10111101011001110101
116       01101100001010011011
117       10110100110001011110
118       00111111111000111110
119       01110100010010110111
120       01110100011000010001
121       11101101011011010101
122       10111111011010100111
123       00100001011000010100
124       11100100111010111110
125       00000000011000100001
126       00110101110010100111
127       01011111010000010011
128       11111100111010000111
129       10111100011010110011
130       11111101011001111011
131       00010000000010000000
132       01100100010010000000
133       10110101011010110011
134       11111101011011011101
135       01101110011010011000
136       11001101011000011111
137       00100100011000010010
138       00100101010010010111
139       01100100111000010011
140       10100101101001101011
141       00100111011000101001
142       10100101011000110111
143       10110100111100011111
144       00110101011010010000
145       00010100010000010010
146       11110101111011111110
147       00100100010000001010
148       10101000011000011110
149       10100101101000010001
150       00010100001000010101
151       10111100011000011011
152       11110101101000110101
153       01010101011010000010
154       01010101011000010100
155       01110100011010111111
156       11111111101010110010
157       00000101010011111011
158       11110101011010011100
159       10000101011010010110
160       10111101111001111111
161       11101100010000101011
162       00000100000000000000
163       11111101111010111111
164       00110101011000100110
165       01110101011011111110
166       10111000010000111011
167       00000100110000110011
168       11100100011011111001
169       10110101111010110111
170       10110111110000111100
171       10100101011010010101
172       10111111011011111111
173       10110101111000010110
174       11110101111101110101
175       00110000010000000101
176       10111100010000110111
177       00110100001000010010
178       01110100001010000000
179       00100101010000100110
180       00010101001010011101
181       01110100111010110011
182       00100111111010110011
183       10000101011010010111
184       11101111011011110111
185       11011101011101100111
186       00010101000111010100
187       01110101111011011111
188       00100100111001010011
189       11110101010101110110
190       00111101011000000001
191       00001101000000000000
192       11110101111010101111
193       10111111111000111010
194       00100101001010110000
195       11110101111110111011
196       10011101110000011010
197       01110101011100100111
198       01110100111010000110
199       10101101010010100111
200       10111100010000110110
201       10010100010010000000
202       11110111011010111111
203       00010101010000000010
204       01101111011000010111
205       01000101101001110110
206       01010101011011011100
207       00000100111100011010
208       11111111111011110111
209       01100101011011011111
210       10110111111111111011
211       10100000101000001010
212       01110101011010100110
213       11000101000000010100
214       11010110001000110010
215       01010100010000000000
216       10000101011010111110
217       00110111010000110010
218       10111111111011111111
219       01100100011010010100
220       11111101111001111011
221       10110101011010010001
222       00110100111010111111
223       00110100010010010011
224       00100101110011110100
225       00110001011000110100
226       11100101010000010010
227       11001101010111111111
228       11110100011010111110
229       00000000010000000011
230       10101101111010001101
231       11111100011010010111
232       00010100011001010111
233       00000001010010111101
234       00110101010000010111
235       11111111011010000111
236       10110100011000010000
237       11111100011011011111
238       01111110010010010101
239       00000000001000000010
240       11011100111111111111
241       10100101011000100111
242       01110101110011000111
243       10001101010001011101
244       10110101111100011000
245       01110101011011111001
246       10101101011010110101
247       00100001000000010000
248       11111111011011101110
249       10100100011000010001
250       10000000001000010110
251       10000110110000010010
252       01100000011000010011
253       10000101000100000000
254       00100100010010010101
255       11011110011011011100
256       11111111011011110111
257       01111111011000111111
258       00000000010000000000
259       01100100011000000010
260       11110111111010111111
261       01100000000000000000
262       10011111111001011110
263       11110101011010110110
264       01110000010000010000
265       00010100011000010001
266       10100101111000110111
267       01100100001110000000
268       01101111111001110110
269       10000100000000010110
270       10010101110011110111
271       00000001000000011000
272       00000101001000010100
273       00010101011001010011
274       00100101101000100100
275       00110101011100010111
276       00000100011010010000
277       10110101010000010011
278       00011101111010110000
279       00100001011000000000
280       00110101010010110100
281       00000100000000000000
282       01110100011001010110
283       00010100011010110000
284       11111110011111010111
285       00100100010000010101
286       10100101101011100101
287       00100100001000000001
288       10111101011010110111
289       11111111011001111111
290       01110111011011111111
291       11000101011010011010
292       10100001011010110000
293       01110101011000010011
294       00110100011100010110
295       00100100011000011111
296       10111111111110111111
297       00100100011000110100
298       11111101111010111110
299       10110100011010010010
300       11101101010010010110
301       00100101011010111100
302       11110101011010110111
303       10110100011000110110
304       01101100110000010010
305       00111111011000111011
306       11011100011000110111
307       00000100001000000000
308       01110101111011010000
309       00010100010000010000
310       11100111111110111011
311       10010100110000010010
312       00101101110000111000
313       00100100011010000001
314       01100100000001010001
315       00010101001000010010
316       00110100111010110101
317       10110100011000110010
318       10111100011000010100
319       11110100100000010101
320       00110101010000110100
321       10001100011010011101
322       00110001011000011000
323       01110000010000010000
324       01110101011000011111
325       00100101010010010000
326       11101101010000010110
327       10111101011010110100
328       10010111011000010001
329       00010101111010011100
330       01000100001000010000
331       10110101011000001010
332       01110101011010010111
333       00110101011110110101
334       11111111011111111111
335       11111111111011111111
336       00001100111000010110
337       01110101111010010111
338       10101101111010101010
339       01110100101010010010
340       10100101010110001011
341       01101111001000001010
342       10110101111010011111
343       10100101011010010110
344       11110101011111110111
345       10110101011101111010
346       10110101110001110100
347       00100111001000110001
348       01000100011010001110
349       11111101011010111111
350       00111100011000010100
351       10101101010000110010
352       10100000011010001100
353       00110101011010111010
354       00110101010110100110
355       00000100010000011000
356       01000101011010111110
357       01010111110011110110
358       00000101011010100110
359       10010101111110011111
360       11000101111100010010
361       11101100010000010000
362       11111101111011111111
363       00111000000000010000
364       10110101010011110111
365       00110101110000010100
366       10110100010001011000
367       00001100111011100111
368       00010000011010010000
369       00000100001010010000
370       01110101110010011001
371       00111101110010110001
372       01010101110010010101
373       11001101011001110000
374       10000101010000010000
375       11100101011010010101
376       11111111111010111010
377       00010100011110110110
378       00000101011000010001
379       00000100011010111110
380       11110101111010010111
381       00000100000000000100
382       10110100011011110111
383       00110001010000000101
384       00000100010100010000
385       11110100011010101000
386       00011101011010110101
387       00101101101001010100
388       10000100000000010000
389       10111101111011111111
390       10111111011110111111
391       11100100111000001001
392       01110101011110011001
393       11011100011010010100
394       00010101000000001111
395       10110101011111110101
396       11110101011001110101
397       11110101011000111111
398       00000100011011011101
399       00101101010001000000
400       01000100010000000000
401       11111111111011010011
402       00101100010000010110
403       01110101111010010100
404       00110111011010011101
405       11111111111010111111
406       10111100011000010100
407       00100101111010101101
408       11111101011011111111
409       10000100001000001100
410       11110101011000010100
411       01100101111000110000
412       10010101110010101101
413       00010100001010000000
414       11110010010010010110
415       10110100000000110100
416       00111100011000010000
417       01110101111001000110
418       11111101111011011110
419       10010100011000110101
420       01100100000000110100
421       00110101011110010111
422       11110101011010000111
423       01110101111110110010
424       10100100011000011001
425       00100101011000110001
426       11110111011000010100
427       10110001111010010100
428       00110101111111110101
429       11110111011000110101
430       10101101110010010111
431       00010101000110010100
432       11010101001000010110
433       00000100011000000000
434       11100101010010110111
435       00110101011110111000
436       00100100000010010100
437       00010111010011010110
438       00110101011010110110
439       01011101111110111010
440       11111101111010111010
441       10110110111000010010
442       11000100010011010110
443       00000101001010011000
444       01110100111010001001
445       00000101010001001101
446       00110101010011010000
447       01010101010010001101
448       11101110110111010111
449       10110101000000011101
450       00100100011010110000
451       00100100001010001100
452       00111101011000010110
453       10101101111010110010
454       01100100011001010111
455       10110101111011110110
456       11111100111000010101
457       10100011011010100100
458       11111111001010111101
459       10110111011010111001
460       10100001111010100100
461       10100101010011010100
462       10010001010000010001
463       10110101010000010001
464       00000100010010000110
465       00000100011010111001
466       10111100101010001111
467       00011101000000000011
468       10100101011000010110
469       01110101001010110000
470       11110101111111111101
471       01110100011010010110
472       11101101111111011010
473       11110100011011111001
474       11010000111000111100
475       11111101011010111110
476       01110101011010011101
477       00110101011100010110
478       11110111010111110110
479       01000001001000010100
480       11110101111011111111
481       10100100001001000100
482       11110001111010110111
483       01011100111000000111
484       10100100111100010000
485       10110101011110011111
486       11101100010100010011
487       01111110010001011111
488       00110101111001111111
489       00100101011000010001
490       01011101011010000110
491       01011111111000011011
492       00100100010010010101
493       10110111111010010111
494       01110100111011011000
495       10110111111110011111
496       00000000000000010000
497       00000100000000000000
498       10110100011010111000
499       00101100011001000010
500       10110111111011010111
